List (23 elements)
[]
67
67
72
[]
91
100
96
111
[]
130
83
87
73
102
116
117
76
69
71
40
51
40
List (23 elements)
[]
[]
75
68
[]
79
112
111
125
105
133
101
109
119
187
215
198
195
178
211
166
170
201
List (23 elements)
[]
[]
[]
80
[]
[]
91
[]
[]
73
[]
71
61
48
68
72
78
57
58
63
33
20
17
List (23 elements)
N
51
57
42
[]
57
64
88
N
84
128
81
107
162
166
179
199
220
194
227
211
190
120
List (23 elements)
[]
[]
[]
73
[]
88
99
100
104
76
114
71
72
85
103
133
140
129
105
99
51
59
45
List (23 elements)
[]
68
68
77
[]
55
105
112
101
88
121
77
85
105
125
170
163
190
103
112
45
51
41
List (23 elements)
[]
[]
65
79
[]
N
103
[]
110
[]
141
82
86
67
99
113
111
74
61
70
29
46
33
List (23 elements)
[]
66
[]
[]
[]
[]
[]
[]
74
[]
[]
[]
91
108
134
173
161
206
137
245
157
206
127
List (23 elements)
[]
[]
[]
75
[]
[]
86
104
102
71
120
70
64
55
70
81
90
76
67
94
49
35
20
List (23 elements)
[]
75
63
69
69
100
110
110
109
[]
127
87
93
80
97
124
126
75
61
43
18
25
14
List (23 elements)
[]
73
[]
[]
[]
[]
93
112
102
77
123
75
61
48
75
80
92
55
53
63
43
27
25
List (23 elements)
53
[]
63
74
[]
80
112
106
118
N
140
82
94
85
111
133
122
84
69
86
43
70
54
List (23 elements)
52
71
64
76
[]
[]
[]
106
105
85
136
83
92
80
106
134
122
97
80
134
66
77
78
List (23 elements)
[]
74
73
[]
[]
[]
[]
111
101
70
112
74
57
44
72
79
88
54
51
64
46
22
29
List (23 elements)
N
61
53
58
[]
[]
78
78
71
70
104
69
74
65
83
100
97
81
82
97
83
78
48
List (23 elements)
65
[]
62
[]
[]
[]
78
78
89
71
112
57
75
60
76
104
97
92
77
100
84
71
62
List (23 elements)
70
53
55
45
[]
88
64
74
68
76
110
73
88
94
107
109
129
130
114
148
123
107
83
N
46
49
50
40
[]
82
[]
N
[]
71
123
69
96
100
123
136
162
155
143
186
150
157
88
List (23 elements)
63
69
57
71
[]
92
113
105
117
83
129
87
98
73
98
117
115
71
51
53
39
39
24
List (23 elements)
71
[]
61
[]
[]
85
68
[]
76
65
[]
69
60
60
N
99
105
106
95
113
98
64
63
N
[]
54
46
39
49
N
[]
[]
[]
[]
N
60
103
205
142
151
163
172
194
273
273
205
161
List (23 elements)
[]
[]
71
82
[]
[]
84
82
98
68
[]
71
61
43
70
76
88
54
57
65
42
25
30
List (23 elements)
41
58
58
54
48
68
72
72
77
76
107
74
85
96
96
129
122
138
121
153
139
132
119
List (23 elements)
[]
[]
58
58
53
[]
76
89
81
75
108
71
82
85
88
94
112
119
97
113
98
75
47
List (23 elements)
[]
[]
61
[]
70
85
78
95
82
65
95
65
92
142
131
155
171
181
108
153
135
199
168
List (23 elements)
50
[]
58
67
64
[]
53
[]
84
71
[]
63
75
65
81
108
99
98
86
115
90
81
91
N
73
76
63
65
[]
93
78
94
86
66
103
68
60
55
80
85
88
58
54
62
47
30
33
List (23 elements)
[]
[]
55
40
34
62
[]
[]
[]
84
107
93
109
145
150
193
171
198
197
222
182
157
92
N
[]
64
58
59
68
88
86
90
85
73
121
74
77
78
85
118
106
102
90
98
87
78
49
List (23 elements)
[]
[]
56
60
[]
[]
74
94
78
63
91
64
64
58
82
91
98
104
98
106
67
35
33
List (23 elements)
[]
[]
55
[]
62
[]
87
78
87
68
121
77
75
82
82
112
109
113
86
87
64
45
36
N
39
44
61
39
32
73
79
[]
67
89
[]
86
94
148
128
167
199
184
151
218
168
142
25
List (23 elements)
[]
[]
52
63
68
99
86
77
78
66
109
74
73
88
116
122
116
105
135
158
121
93
65
List (23 elements)
[]
[]
52
64
[]
[]
[]
85
[]
67
88
71
58
49
81
102
101
101
79
98
101
72
84
List (23 elements)
N
50
46
33
[]
[]
[]
[]
[]
58
75
71
80
115
79
130
143
152
162
190
190
135
110
List (23 elements)
70
56
42
[]
60
74
78
[]
77
65
109
76
78
89
89
117
122
113
75
76
86
54
42
List (23 elements)
[]
49
49
42
N
[]
71
[]
66
73
95
74
75
93
95
127
128
119
110
127
120
97
84
List (23 elements)
[]
49
43
52
[]
[]
[]
[]
80
69
108
80
71
66
66
103
118
86
77
87
70
53
26
List (23 elements)
[]
67
53
77
[]
[]
[]
91
75
64
95
65
51
47
79
99
103
88
81
80
53
37
34
List (23 elements)
[]
[]
48
[]
[]
[]
[]
[]
[]
65
104
73
58
49
71
96
101
78
70
80
71
46
56
List (23 elements)
[]
[]
51
[]
[]
[]
65
[]
94
67
[]
72
54
41
77
101
112
118
106
122
136
69
70
List (23 elements)
59
68
40
66
[]
[]
[]
109
90
59
89
66
67
91
95
117
128
136
126
120
93
65
49
List (23 elements)
[]
[]
43
[]
84
[]
N
[]
[]
55
83
62
[]
32
58
78
69
42
52
47
36
20
23
List (23 elements)
[]
63
40
60
76
103
65
90
69
42
57
46
41
42
64
80
66
42
38
37
17
12
6
List (23 elements)
[]
54
99
50
62
75
100
93
116
100
131
132
144
205
249
290
325
267
327
345
363
337
146
List (23 elements)
[]
56
69
56
[]
[]
101
93
107
101
128
108
136
139
173
208
203
201
169
215
179
193
93
List (23 elements)
51
54
67
52
55
82
94
90
103
94
132
113
137
179
193
230
216
243
214
227
190
212
112
List (23 elements)
47
[]
73
76
[]
[]
[]
[]
112
75
[]
112
120
117
132
193
194
197
170
233
227
191
64
N
[]
54
74
44
51
[]
86
69
94
88
120
104
109
177
204
224
248
199
210
217
235
167
94
List (23 elements)
[]
65
66
67
[]
105
111
113
[]
85
124
87
93
74
99
120
129
97
75
89
54
60
36
List (23 elements)
[]
[]
69
46
[]
[]
[]
[]
[]
[]
[]
89
148
162
173
235
179
201
190
148
115
133
76
List (23 elements)
[]
54
88
55
49
67
[]
97
120
97
137
143
141
202
203
329
226
242
252
244
246
196
159
List (23 elements)
[]
[]
60
60
[]
[]
[]
[]
[]
[]
105
96
114
129
138
178
174
174
195
194
196
182
71
List (23 elements)
[]
62
63
66
63
95
125
100
120
96
134
109
130
155
185
255
223
207
176
200
154
142
120
List (23 elements)
42
53
54
49
57
[]
87
87
98
82
110
86
125
104
132
142
152
134
124
146
126
114
33
List (23 elements)
[]
54
71
56
53
83
102
95
104
97
127
126
140
141
177
203
183
182
169
182
146
150
94
List (23 elements)
45
54
62
43
[]
76
96
[]
91
80
110
96
108
177
185
193
198
226
179
237
203
208
58
List (23 elements)
54
54
115
57
61
[]
99
98
97
154
134
159
169
240
292
259
306
229
392
310
322
306
262
List (23 elements)
[]
58
85
49
52
80
103
93
114
111
138
123
128
194
200
248
215
264
298
350
312
339
115
N
50
52
60
77
69
[]
[]
114
102
65
118
91
111
107
116
155
135
135
115
110
106
97
27
List (23 elements)
[]
55
79
56
[]
84
111
88
107
85
138
103
116
127
195
209
200
205
223
141
279
135
59
List (23 elements)
46
57
143
77
52
73
102
104
106
150
139
185
168
271
250
290
323
330
374
459
424
430
[]
List (23 elements)
[]
56
49
48
70
[]
[]
[]
[]
[]
[]
[]
95
109
124
155
134
110
104
115
92
86
45
List (23 elements)
[]
58
51
48
[]
[]
[]
[]
[]
[]
[]
77
89
71
95
126
117
93
77
80
67
56
9
List (23 elements)
34
[]
53
41
37
69
N
[]
N
80
109
82
119
135
126
171
152
149
139
204
144
117
58
List (23 elements)
[]
53
66
51
66
[]
82
87
109
91
141
104
125
139
156
195
201
183
207
226
209
226
53
List (23 elements)
[]
49
85
46
37
57
[]
[]
94
86
111
107
113
149
179
199
188
194
178
165
195
139
12
List (23 elements)
[]
52
71
59
N
[]
[]
[]
[]
87
123
106
141
157
202
[]
212
206
174
165
200
147
11
List (23 elements)
[]
[]
56
41
[]
[]
[]
[]
[]
[]
111
86
120
126
136
164
151
139
131
131
128
115
36
List (23 elements)
[]
58
121
55
[]
75
92
77
129
92
146
139
150
230
208
273
237
295
346
334
395
313
221
List (23 elements)
38
56
87
52
67
72
114
87
117
84
129
112
139
161
170
203
187
190
180
230
141
194
33
List (23 elements)
44
59
84
59
47
72
91
80
114
115
130
164
180
224
272
295
280
281
315
305
313
236
10
List (23 elements)
40
58
62
59
[]
[]
[]
[]
[]
[]
148
94
110
121
163
193
196
205
173
167
173
128
9
List (23 elements)
37
40
78
46
34
72
122
77
101
93
108
173
146
300
148
165
[]
[]
[]
[]
[]
[]
13
List (23 elements)
[]
[]
66
67
[]
[]
[]
[]
[]
[]
[]
100
122
121
147
180
179
171
158
188
152
171
26
List (23 elements)
[]
[]
43
46
[]
[]
[]
[]
[]
78
102
92
102
113
125
N
169
152
141
123
121
87
4
List (23 elements)
[]
52
89
50
39
69
96
80
100
82
121
122
118
169
191
242
228
208
298
184
242
148
5
List (23 elements)
39
45
59
43
34
71
94
66
93
93
108
123
113
182
211
194
266
332
219
298
238
116
12
List (23 elements)
[]
[]
87
53
[]
[]
[]
[]
[]
74
[]
108
158
181
205
247
272
267
279
407
303
223
267
List (23 elements)
45
46
57
45
43
78
102
[]
97
92
118
107
111
188
223
266
207
354
257
221
234
167
13
List (23 elements)
68
[]
41
58
74
99
81
86
80
64
115
88
75
92
106
139
146
152
119
121
111
109
86
List (23 elements)
74
[]
41
52
70
94
83
86
81
65
110
79
73
59
73
100
98
67
59
52
33
18
22
List (23 elements)
32
56
87
58
51
[]
100
56
109
88
152
107
132
151
175
196
174
169
147
135
137
131
16
List (23 elements)
[]
63
72
76
[]
[]
[]
[]
[]
[]
119
88
[]
89
126
150
135
102
84
102
85
87
34
List (23 elements)
42
50
85
54
36
74
113
79
106
115
130
172
110
292
333
287
222
337
404
259
127
155
10
List (23 elements)
45
53
71
53
39
66
100
81
106
87
125
114
136
171
209
249
231
235
226
195
348
136
7
List (23 elements)
[]
[]
108
64
[]
70
83
[]
101
87
141
123
129
142
197
239
210
241
307
208
255
230
18
List (23 elements)
[]
62
103
72
50
74
114
95
126
111
144
168
181
254
223
262
293
261
320
254
317
300
200
List (23 elements)
59
63
81
60
52
84
111
94
115
101
[]
144
206
238
263
302
255
329
294
279
252
236
6
List (23 elements)
[]
[]
40
47
54
[]
[]
[]
[]
70
108
81
82
75
93
117
114
102
88
95
81
57
11
List (23 elements)
44
59
49
48
49
66
100
91
90
73
110
152
166
236
238
285
237
250
260
205
126
115
5
List (23 elements)
47
50
86
54
39
[]
100
[]
86
100
121
101
126
141
159
177
178
163
156
119
137
77
4
List (23 elements)
31
57
90
57
45
77
113
87
116
114
[]
128
133
206
234
266
276
266
291
318
359
248
24
List (23 elements)
31
54
88
54
45
72
103
93
103
92
125
115
127
169
201
228
220
222
259
202
211
170
6
List (23 elements)
55
61
45
55
65
74
98
101
89
74
117
90
88
80
100
137
128
104
85
90
79
57
34
List (23 elements)
54
62
53
46
43
73
99
76
93
92
108
145
205
247
358
314
234
309
360
139
147
124
13
N
[]
48
66
37
[]
57
95
[]
[]
[]
105
74
96
134
109
167
191
197
117
166
169
112
47
List (23 elements)
60
64
50
49
53
82
100
86
86
67
[]
111
222
241
313
349
283
310
312
225
172
147
4
List (23 elements)
[]
55
67
54
47
67
93
74
92
80
116
100
108
129
178
203
237
228
235
139
141
115
16
List (23 elements)
[]
[]
80
56
45
67
107
74
109
93
140
138
177
172
263
236
251
249
322
143
134
112
6
List (23 elements)
57
59
83
63
49
69
105
81
95
88
116
119
187
173
224
233
213
238
211
106
75
84
4
List (23 elements)
45
51
82
51
44
59
82
72
88
79
97
107
96
160
184
182
184
153
155
52
35
64
5
List (23 elements)
63
61
62
51
50
75
98
85
97
[]
143
164
195
237
202
216
193
167
133
89
57
65
1
List (23 elements)
62
64
67
56
51
87
117
93
112
130
154
195
219
268
197
248
168
167
126
107
76
71
1
List (23 elements)
[]
58
87
59
65
79
103
87
105
98
155
135
171
166
193
224
189
200
177
172
178
176
34
List (23 elements)
60
60
71
51
50
75
94
84
85
74
116
110
142
172
221
233
205
219
190
107
64
90
3
List (23 elements)
65
62
63
48
50
78
95
85
82
78
[]
115
117
163
154
190
156
180
168
89
61
85
2
List (23 elements)
30
57
110
60
41
70
113
73
113
121
[]
132
159
187
211
224
237
224
224
249
181
187
13
List (23 elements)
63
53
85
50
35
72
102
81
90
94
136
142
174
203
232
254
241
216
203
205
184
140
9
List (23 elements)
64
64
68
58
53
86
120
93
111
140
158
170
212
244
215
232
160
124
99
79
54
36
1
List (23 elements)
43
56
103
62
45
70
122
83
137
103
[]
143
126
180
208
264
215
231
221
135
104
67
6
List (23 elements)
53
56
59
40
38
79
[]
[]
[]
84
116
87
115
147
121
165
185
179
112
178
168
141
42
List (23 elements)
42
[]
76
53
44
69
104
73
113
109
[]
121
126
184
210
261
235
266
184
215
145
184
6
List (23 elements)
[]
53
90
57
43
63
89
[]
[]
[]
110
105
195
211
258
181
256
283
151
175
92
104
5
List (23 elements)
61
[]
60
62
72
96
117
[]
106
70
130
97
117
122
172
203
170
199
185
165
122
148
3
List (23 elements)
63
68
61
56
59
89
119
96
111
112
149
148
202
269
271
285
295
306
227
224
172
126
2
List (23 elements)
[]
58
89
42
34
80
86
[]
[]
86
113
104
111
187
128
176
155
243
132
265
145
248
127
List (23 elements)
66
[]
37
67
86
[]
63
87
91
55
83
65
59
53
76
96
95
68
64
64
51
35
34
List (23 elements)
[]
58
51
46
65
[]
[]
[]
[]
69
98
[]
94
132
100
117
195
185
158
200
225
147
43
List (23 elements)
N
69
39
[]
73
[]
[]
86
81
57
85
63
52
43
54
83
91
57
61
67
41
32
26
List (23 elements)
[]
[]
56
44
[]
[]
[]
104
[]
69
99
91
108
140
143
177
173
152
188
204
221
177
140
List (23 elements)
[]
58
69
56
45
78
105
77
99
84
[]
100
131
132
177
189
204
186
173
207
106
116
4
List (23 elements)
[]
66
153
90
69
73
134
80
130
151
155
170
147
263
296
199
310
314
286
321
166
300
57
List (23 elements)
[]
[]
[]
40
81
[]
[]
[]
[]
65
110
81
96
161
92
138
201
163
140
133
289
87
46
List (23 elements)
[]
[]
42
45
[]
[]
[]
[]
[]
[]
[]
[]
[]
68
115
173
152
146
127
133
128
114
65
List (23 elements)
[]
58
69
53
[]
67
103
76
105
92
119
104
112
143
147
169
182
168
149
84
59
51
4
List (23 elements)
41
55
90
53
44
70
97
70
105
89
127
117
160
245
242
299
273
258
287
206
144
133
6
List (23 elements)
47
64
46
46
57
80
[]
[]
[]
84
127
[]
88
130
125
149
171
172
166
171
143
143
45
List (23 elements)
67
[]
36
58
75
101
77
100
79
54
78
65
70
80
58
87
81
47
43
37
27
18
14
List (23 elements)
[]
55
72
52
46
67
86
85
105
124
132
135
166
158
135
137
85
53
38
21
13
15
0
List (23 elements)
62
63
94
69
51
71
100
93
120
144
171
184
213
243
210
223
184
158
147
114
83
85
5
List (23 elements)
[]
56
116
63
41
65
105
[]
[]
109
129
148
119
198
157
179
261
244
177
184
122
114
6
List (23 elements)
[]
47
53
37
28
81
[]
[]
72
63
87
92
85
148
120
139
150
157
134
135
142
118
50
List (23 elements)
26
57
110
75
64
65
98
76
101
90
141
122
134
210
259
250
255
325
345
263
318
180
19
List (23 elements)
64
67
67
56
53
86
[]
95
120
126
152
157
157
151
137
146
115
72
60
43
25
21
0
List (23 elements)
[]
[]
[]
53
53
[]
[]
[]
[]
N
99
56
80
78
95
144
144
145
161
153
166
182
128
List (23 elements)
68
59
49
44
54
81
94
85
[]
72
104
104
129
107
128
133
110
112
93
58
38
47
1
List (23 elements)
35
73
135
67
58
76
110
72
130
126
[]
166
143
214
230
287
259
286
381
230
237
192
15
List (23 elements)
51
62
62
53
49
84
113
99
95
85
[]
109
107
124
133
[]
154
239
153
201
288
149
21
N
58
70
145
87
65
71
161
72
164
145
157
219
178
260
256
352
316
349
253
323
307
341
157
List (23 elements)
64
70
65
57
57
87
120
93
119
121
145
135
162
200
208
254
195
233
202
125
76
67
2
List (23 elements)
[]
N
54
49
55
[]
[]
[]
[]
[]
121
101
103
110
146
177
153
155
167
143
142
98
31
List (23 elements)
39
55
108
65
42
[]
83
[]
[]
109
122
142
130
234
164
[]
160
269
145
143
171
107
5
List (23 elements)
60
51
78
56
69
68
113
99
93
82
127
94
129
105
128
145
137
108
106
88
62
69
3
List (23 elements)
[]
51
66
43
50
91
95
104
98
85
125
105
101
194
143
163
232
217
170
198
177
163
81
List (23 elements)
64
64
81
57
53
84
122
96
118
130
156
167
151
157
142
151
109
75
74
42
16
22
1
List (23 elements)
67
[]
54
40
42
72
86
71
85
93
121
127
126
106
[]
83
51
47
39
15
10
18
0
List (23 elements)
36
45
114
62
[]
73
98
65
96
119
138
134
139
184
206
204
233
219
225
204
159
154
18
List (23 elements)
[]
[]
48
57
[]
[]
[]
[]
[]
68
101
84
86
75
99
143
124
111
105
95
93
72
61
List (23 elements)
61
[]
55
60
76
63
102
98
109
93
139
120
114
150
174
252
230
241
230
271
227
205
89
List (23 elements)
53
59
75
48
39
65
104
90
101
109
127
125
114
204
195
259
238
287
246
312
201
198
48
List (23 elements)
[]
41
75
54
51
68
95
79
95
101
134
112
139
156
165
204
195
172
182
130
117
110
7
List (23 elements)
69
69
66
53
58
91
128
100
118
124
169
193
238
340
330
393
417
335
295
205
117
123
3
List (23 elements)
67
N
55
53
45
73
[]
74
77
87
116
108
112
96
93
100
62
53
44
17
14
21
0
List (23 elements)
63
61
47
57
81
[]
91
[]
[]
65
101
77
81
79
116
148
128
124
108
95
103
78
65
List (23 elements)
[]
46
69
50
43
69
[]
72
79
103
109
139
118
130
84
74
38
21
12
8
6
6
0
List (23 elements)
72
[]
56
43
52
85
104
92
98
97
148
131
149
224
216
246
192
191
202
141
115
95
3
List (23 elements)
[]
57
41
58
[]
[]
[]
[]
63
52
70
66
65
57
78
117
86
78
92
90
86
67
66
N
50
51
106
70
52
77
120
82
122
118
[]
145
172
249
234
297
278
303
321
334
194
268
103
List (23 elements)
65
71
83
57
67
[]
[]
[]
[]
78
131
106
126
198
164
192
204
276
167
182
211
118
55
List (23 elements)
56
62
84
65
55
76
119
90
127
147
158
169
183
157
113
103
76
36
22
12
5
6
0
List (23 elements)
[]
43
49
40
[]
97
[]
[]
[]
72
92
80
96
109
121
154
152
156
155
158
149
126
58
List (23 elements)
49
[]
107
72
49
78
127
88
124
121
144
165
139
239
227
199
196
235
278
158
136
90
7
List (23 elements)
57
[]
158
110
56
76
147
87
136
100
165
213
156
235
224
204
235
344
318
180
177
116
7
List (23 elements)
51
58
142
78
45
81
104
86
114
166
149
137
132
245
254
301
175
268
335
258
194
191
9
List (23 elements)
57
69
64
55
57
88
108
100
115
103
138
133
141
164
189
248
182
196
217
194
201
154
47
List (23 elements)
43
59
84
58
42
[]
103
80
102
100
127
114
124
158
171
217
167
167
183
138
136
102
7
N
66
55
75
55
49
76
89
81
91
118
112
119
111
115
104
116
84
66
61
24
18
26
1
List (23 elements)
51
62
83
65
46
92
114
83
109
113
141
132
145
183
212
217
198
244
224
219
143
132
15
List (23 elements)
44
64
79
55
42
78
92
[]
99
94
127
120
142
179
250
185
175
413
300
314
[]
288
36
N
40
49
57
43
41
N
[]
[]
88
82
112
94
97
128
146
179
145
151
193
172
173
122
51
List (23 elements)
46
63
82
64
44
83
107
89
109
105
134
131
137
177
200
202
187
205
181
144
89
71
5
List (23 elements)
45
58
102
65
42
80
108
88
113
112
134
130
128
201
205
227
186
229
244
239
178
117
7
List (23 elements)
47
58
63
53
55
[]
85
[]
103
99
128
114
137
151
176
231
196
230
232
191
208
165
45
List (23 elements)
48
64
70
53
43
87
108
89
100
102
130
116
152
262
195
338
191
306
397
[]
372
[]
[]
List (23 elements)
48
48
93
70
51
71
111
76
120
114
144
152
198
190
268
180
337
341
344
212
203
215
11
List (23 elements)
46
61
77
61
45
62
107
89
111
107
133
117
129
168
188
199
178
176
184
108
77
64
4
List (23 elements)
51
58
85
65
43
92
100
91
117
110
141
159
139
228
223
256
228
243
287
237
195
186
19
List (23 elements)
44
60
74
55
42
78
107
89
103
97
129
124
160
189
212
224
205
214
234
174
163
109
10
List (23 elements)
49
60
72
58
42
80
106
96
117
120
143
130
170
243
246
346
219
342
435
[]
[]
145
30
List (23 elements)
46
63
82
62
41
78
[]
[]
101
88
128
119
148
258
237
297
273
274
371
306
358
[]
33
List (23 elements)
45
57
72
56
53
[]
102
87
104
102
127
119
142
157
206
221
200
197
188
125
92
84
4
List (23 elements)
68
68
84
66
57
92
133
100
126
135
181
189
238
305
286
333
260
288
239
165
119
112
3
List (23 elements)
47
60
90
73
49
75
121
88
131
112
135
194
134
264
231
217
203
199
221
115
81
74
6
List (23 elements)
52
63
96
68
51
82
119
92
116
110
146
137
166
203
218
219
201
220
228
147
113
92
4
List (23 elements)
44
56
73
60
53
[]
105
87
110
107
134
138
174
216
242
266
248
381
259
311
262
188
8
List (23 elements)
[]
54
76
64
63
64
116
92
118
86
[]
129
182
171
194
227
206
226
207
184
143
150
42
List (23 elements)
47
59
83
62
47
83
116
89
108
114
136
131
145
180
214
219
195
207
235
123
109
82
5
List (23 elements)
68
67
86
66
57
92
134
101
130
141
179
199
266
336
303
344
258
332
263
163
118
106
3
List (23 elements)
47
58
90
69
48
74
118
85
129
124
143
136
134
229
229
204
203
216
223
122
87
71
6
N
64
68
68
57
[]
92
130
108
113
107
140
120
158
180
194
253
195
268
188
221
158
146
25
List (23 elements)
47
62
100
67
43
78
[]
95
103
111
149
196
148
234
242
320
189
330
347
370
[]
222
[]
List (23 elements)
46
61
88
64
42
80
[]
90
96
95
140
119
180
200
183
258
242
270
276
406
193
247
29
List (23 elements)
68
[]
67
61
56
91
130
99
122
150
206
201
268
332
287
362
252
286
237
160
117
93
3
List (23 elements)
54
[]
73
61
52
94
107
92
123
126
152
145
170
245
228
261
205
230
244
295
229
154
38
List (23 elements)
69
67
77
56
56
92
128
99
117
129
181
246
268
389
346
392
298
380
312
215
134
129
3
List (23 elements)
45
57
69
57
46
72
106
87
105
100
136
144
174
208
281
355
264
402
300
[]
171
109
7
List (23 elements)
46
58
64
54
44
80
107
90
104
98
129
123
128
179
184
233
174
178
174
136
108
77
4
List (23 elements)
58
62
89
73
56
80
122
93
125
153
197
243
268
366
305
438
347
356
360
242
176
154
9
List (23 elements)
53
69
84
66
51
80
121
84
115
128
154
171
185
236
246
252
246
322
259
163
129
116
10
List (23 elements)
50
60
65
55
48
81
112
87
106
103
139
150
184
252
266
265
265
373
338
285
214
151
15
List (23 elements)
49
58
121
75
47
86
118
92
154
188
164
189
131
325
233
384
182
215
325
374
272
265
24
List (23 elements)
46
56
69
56
49
74
106
83
105
99
134
128
166
182
235
261
228
249
186
114
77
77
4
List (23 elements)
51
61
80
59
50
77
111
88
108
105
140
140
173
259
267
280
283
295
306
201
157
136
8
List (23 elements)
69
66
74
59
56
91
124
100
118
136
185
228
257
318
286
341
234
277
221
154
98
88
2
List (23 elements)
62
65
73
64
56
90
130
96
122
127
154
158
194
278
272
292
251
258
257
175
141
109
4
List (23 elements)
53
45
63
55
45
67
104
74
95
93
130
145
165
266
262
291
310
264
311
149
92
120
10
List (23 elements)
[]
49
43
39
42
70
91
78
88
97
127
150
124
138
94
84
45
31
24
10
8
9
0
List (23 elements)
50
60
75
59
46
77
107
91
105
97
131
124
128
192
232
239
206
202
218
134
106
87
5
List (23 elements)
51
59
90
67
48
93
111
93
116
119
144
140
187
252
243
262
209
262
267
198
179
124
17
List (23 elements)
70
65
84
66
56
93
133
101
122
141
198
205
231
302
288
352
238
272
238
161
103
88
3
List (23 elements)
57
63
60
54
57
88
118
94
108
100
136
129
191
223
239
275
234
285
272
209
157
137
17
List (23 elements)
57
58
134
84
50
84
133
90
174
146
160
182
206
295
286
368
188
207
363
350
259
197
21
List (23 elements)
52
54
67
56
50
80
112
84
110
104
139
140
172
256
260
267
279
252
274
169
116
106
4
List (23 elements)
59
60
86
72
56
85
122
93
129
126
173
165
204
299
288
277
278
334
259
210
148
117
6
List (23 elements)
46
68
104
78
67
88
130
103
139
129
182
170
238
288
297
345
280
280
320
299
322
291
204
List (23 elements)
69
63
84
67
54
89
121
101
130
139
172
172
[]
148
136
149
104
91
76
45
27
29
1
List (23 elements)
68
62
80
65
55
90
122
103
117
128
177
197
210
260
237
284
176
188
151
102
75
58
2
List (23 elements)
70
67
[]
52
57
97
128
[]
110
100
143
115
155
195
176
231
171
205
196
144
88
93
2
List (23 elements)
64
66
58
57
60
92
124
90
116
107
142
138
204
316
320
342
311
374
418
374
278
214
38
List (23 elements)
60
58
59
57
57
105
124
96
113
108
140
151
189
273
254
354
294
353
377
293
249
157
23
List (23 elements)
61
65
77
62
55
93
127
104
128
132
161
200
210
359
314
415
297
319
349
372
284
228
45
List (23 elements)
50
[]
122
81
49
80
120
90
153
164
149
189
191
328
270
312
164
334
285
326
203
184
9
List (23 elements)
70
67
[]
52
57
97
128
[]
110
100
143
115
155
195
176
231
171
205
196
144
88
93
2
List (23 elements)
67
66
93
66
54
87
123
[]
124
127
155
146
130
116
103
107
82
64
44
29
18
20
1
List (23 elements)
67
61
82
64
55
88
116
101
124
142
185
200
212
215
181
195
138
139
117
69
43
41
1
List (23 elements)
67
[]
71
58
56
95
128
102
121
133
171
159
198
267
253
298
216
260
250
197
141
105
2
List (23 elements)
54
59
93
84
52
83
123
88
128
132
173
186
202
305
335
346
279
292
301
200
189
128
10
List (23 elements)
60
[]
135
100
69
80
155
91
187
113
161
192
164
343
236
259
213
317
216
120
162
103
16
List (23 elements)
58
[]
151
106
67
85
164
[]
183
117
166
171
164
297
236
297
190
360
380
180
234
126
7
List (23 elements)
69
62
84
70
54
90
125
102
130
141
183
180
188
168
145
158
108
88
74
50
29
27
1
List (23 elements)
63
63
69
65
57
92
130
96
127
126
156
161
209
279
293
345
287
323
365
282
205
188
17
List (23 elements)
[]
[]
55
45
[]
[]
[]
[]
77
88
103
98
109
119
166
137
159
133
141
194
117
94
64
List (23 elements)
66
62
86
66
52
86
117
102
123
111
147
137
128
130
92
120
76
57
51
35
18
19
0
List (23 elements)
67
60
72
57
52
92
114
[]
113
127
181
180
232
226
219
243
141
182
139
102
55
46
1
List (23 elements)
68
60
79
68
56
92
121
100
120
139
176
185
197
226
201
236
149
174
147
84
62
51
2
List (23 elements)
67
60
79
69
55
94
130
104
127
162
187
187
215
261
247
245
193
183
152
122
84
66
2
List (23 elements)
68
63
73
66
56
95
[]
[]
118
148
184
166
211
269
252
298
200
263
215
144
119
80
2
List (23 elements)
68
65
101
75
59
98
145
106
150
167
199
207
180
281
236
287
198
272
192
126
103
80
2
List (23 elements)
63
64
81
69
56
92
130
85
128
139
159
150
209
277
290
328
251
288
276
229
181
157
6
List (23 elements)
62
[]
124
85
53
87
142
99
145
143
182
204
237
283
301
326
285
384
327
251
214
188
22
List (23 elements)
66
66
93
73
55
91
122
[]
124
138
168
166
131
128
102
114
83
63
47
30
20
17
0
List (23 elements)
67
60
78
60
53
90
114
[]
116
127
172
175
159
196
174
210
146
120
126
70
50
43
1
List (23 elements)
70
62
106
83
58
90
128
113
132
137
184
191
161
153
119
144
94
64
57
37
27
20
0
List (23 elements)
65
[]
75
66
57
97
130
104
129
140
163
161
211
254
249
283
234
257
219
204
158
143
13
List (23 elements)
61
[]
[]
60
50
91
116
[]
140
145
149
207
197
291
267
237
225
331
238
165
198
148
12
List (23 elements)
66
61
88
76
55
91
113
102
114
130
179
180
201
190
155
208
139
182
140
89
58
46
1
List (23 elements)
55
[]
81
67
50
75
115
89
122
134
157
156
167
282
283
232
222
263
266
234
208
146
10
List (23 elements)
69
65
108
81
57
89
122
97
119
129
159
146
[]
142
118
159
86
77
77
80
18
21
1
List (23 elements)
[]
50
74
71
68
[]
[]
[]
[]
[]
[]
111
139
182
162
245
162
166
231
186
130
100
7
List (23 elements)
[]
58
45
[]
60
[]
[]
[]
[]
[]
[]
[]
85
80
122
167
147
149
153
186
161
128
53
List (23 elements)
67
64
97
70
56
92
121
[]
127
144
171
179
158
140
115
122
79
62
52
34
20
18
0
List (23 elements)
[]
47
39
38
41
69
[]
70
79
96
114
130
144
116
83
85
72
37
32
17
14
14
0
List (23 elements)
67
61
70
63
56
93
124
99
124
142
173
180
187
220
188
236
166
202
173
114
82
62
1
List (23 elements)
70
72
102
84
59
93
127
107
130
146
168
167
135
117
90
100
77
45
31
21
13
11
0
List (23 elements)
50
54
104
89
67
76
141
87
141
126
162
172
207
283
290
312
275
295
292
202
165
103
9
List (23 elements)
67
[]
84
72
56
97
135
103
135
163
194
208
210
274
238
265
200
203
182
144
97
86
2
List (23 elements)
72
65
98
80
57
99
139
106
140
179
197
191
229
316
302
350
255
306
272
249
187
170
8
List (23 elements)
50
55
115
110
55
76
122
91
131
122
170
172
171
255
263
339
258
224
323
225
180
113
9
List (23 elements)
62
66
103
84
62
87
120
92
127
138
158
158
143
128
123
125
97
85
70
48
31
22
1
List (23 elements)
70
[]
59
56
56
96
122
97
112
109
150
153
167
174
154
174
123
139
106
76
59
42
1
List (23 elements)
68
58
85
72
57
95
130
100
126
168
182
197
180
190
165
168
118
122
105
64
49
33
1
List (23 elements)
67
61
100
82
57
93
132
108
133
165
177
183
163
160
127
150
94
76
59
38
28
21
1
List (23 elements)
[]
47
68
59
63
75
96
[]
85
75
123
109
143
131
145
189
142
166
169
143
135
123
22
List (23 elements)
72
62
108
91
64
98
127
122
146
172
186
196
181
155
119
125
82
59
49
27
17
14
0
List (23 elements)
62
55
76
68
54
85
113
94
124
152
154
163
151
127
93
97
66
39
26
15
11
9
0
List (23 elements)
64
50
56
70
76
92
118
100
114
78
153
112
150
106
150
181
130
134
95
103
73
94
24
List (23 elements)
45
[]
88
69
35
88
[]
93
106
94
[]
130
157
226
163
222
211
221
341
322
331
266
118
List (23 elements)
59
71
104
83
61
85
107
95
142
145
185
185
202
195
149
139
105
89
91
67
56
56
2
List (23 elements)
[]
[]
28
30
[]
[]
[]
67
[]
61
84
109
101
91
56
51
32
13
14
8
6
5
0
List (23 elements)
54
[]
148
92
54
92
114
91
147
183
175
203
197
261
303
316
271
397
213
376
167
219
8
List (23 elements)
57
63
112
79
57
80
127
89
159
150
172
208
264
332
263
280
338
298
306
255
237
113
8
List (23 elements)
55
[]
84
83
57
73
143
73
136
171
171
172
247
255
287
305
311
348
267
186
136
121
13
List (23 elements)
[]
[]
[]
[]
[]
[]
[]
68
52
66
86
115
120
93
51
42
32
12
13
7
4
4
0
List (23 elements)
57
47
47
51
[]
[]
[]
[]
[]
[]
111
[]
90
96
128
[]
176
187
149
203
193
184
57
List (23 elements)
42
45
82
69
54
62
80
[]
77
79
98
158
108
214
189
211
154
161
97
71
31
54
4
List (23 elements)
65
50
42
40
45
76
84
74
65
69
93
117
84
129
117
132
77
76
57
36
28
24
1
List (23 elements)
59
45
140
88
57
64
105
79
123
139
144
167
120
231
265
222
273
232
256
163
149
124
9
List (23 elements)
49
50
97
108
62
75
122
74
126
123
138
138
117
231
218
314
186
173
136
75
37
62
9
List (23 elements)
[]
51
116
104
51
66
84
[]
104
114
117
127
163
183
124
239
144
276
123
59
46
52
5
List (23 elements)
66
[]
43
38
45
78
86
76
59
71
92
90
89
126
106
151
91
96
72
44
31
30
1
List (23 elements)
65
[]
59
54
62
89
110
93
97
88
133
114
138
131
164
217
164
182
172
147
98
131
12
List (23 elements)
49
47
90
106
54
69
118
73
120
134
145
171
200
238
196
143
281
296
251
121
117
77
11
List (23 elements)
57
52
89
73
63
86
117
93
126
113
160
139
199
247
242
274
250
276
308
280
225
267
96
List (23 elements)
66
[]
40
62
[]
92
95
107
98
[]
90
83
68
55
98
139
110
61
62
75
71
79
46
List (23 elements)
51
48
64
61
55
64
93
72
83
95
113
114
107
162
223
238
175
150
124
74
47
65
5
List (23 elements)
69
48
39
37
45
78
87
77
61
76
102
103
106
145
139
147
103
121
80
55
35
37
1
List (23 elements)
58
48
58
53
54
75
111
86
92
96
125
123
124
134
140
171
205
182
173
122
78
84
5
List (23 elements)
67
46
31
32
41
73
79
68
62
73
86
100
89
97
78
98
60
58
38
23
22
18
0
List (23 elements)
[]
50
101
52
29
90
[]
101
100
98
164
120
125
247
147
196
238
302
175
322
136
319
48
List (23 elements)
[]
43
70
63
45
72
91
72
69
97
121
118
113
154
128
141
122
117
107
61
54
57
2
List (23 elements)
49
46
76
79
54
61
75
67
98
97
108
111
77
150
159
186
123
85
84
45
27
44
4
List (23 elements)
56
51
96
84
50
63
72
63
98
112
122
129
104
139
162
169
138
133
119
73
44
56
3
List (23 elements)
46
48
82
66
49
67
106
75
103
106
132
128
146
160
184
218
201
188
174
115
81
95
5
List (23 elements)
47
48
74
62
51
67
114
76
122
134
150
148
150
232
165
206
232
204
236
147
125
91
7
List (23 elements)
60
53
56
59
63
84
116
90
97
83
134
106
135
122
139
169
129
126
127
109
75
113
14
List (23 elements)
47
45
48
60
44
59
124
50
[]
99
134
116
115
139
134
154
135
86
81
42
35
37
4
List (23 elements)
50
51
115
75
56
76
105
88
138
140
159
173
198
288
294
344
251
269
318
263
186
126
7
List (23 elements)
51
47
61
55
53
75
108
83
94
103
134
113
144
142
142
184
188
171
160
96
90
100
7
List (23 elements)
66
52
59
54
[]
65
88
78
58
85
101
98
92
102
103
131
94
91
84
53
48
49
1
List (23 elements)
62
70
109
89
56
64
114
80
118
130
146
166
137
149
189
178
139
163
145
103
83
75
4
List (23 elements)
65
68
88
74
58
99
132
115
144
173
193
202
232
207
147
165
114
70
56
40
30
23
2
List (23 elements)
45
49
79
67
51
75
111
77
120
124
147
149
208
213
282
264
295
268
339
198
202
194
52
List (23 elements)
[]
61
90
72
66
68
[]
70
81
105
110
101
147
158
158
179
168
173
147
119
101
100
2
List (23 elements)
61
49
73
57
47
74
87
76
120
152
172
181
160
227
230
180
138
135
115
74
61
65
8
List (23 elements)
44
48
89
66
50
74
110
77
122
128
142
139
179
185
219
217
254
199
218
136
120
118
5
List (23 elements)
44
55
96
93
55
79
125
79
150
163
160
181
176
293
343
335
328
303
322
325
246
192
76
List (23 elements)
[]
[]
48
[]
66
[]
[]
[]
[]
48
[]
74
78
85
98
125
124
100
99
72
70
67
2
List (23 elements)
75
52
51
45
41
76
84
78
74
64
107
77
82
85
70
69
74
118
175
218
228
263
26
N
49
[]
114
95
56
79
131
79
147
155
163
163
249
252
315
344
385
305
416
303
266
249
73
List (23 elements)
65
63
76
66
56
77
117
71
100
125
133
121
161
185
185
205
186
212
203
173
128
130
5
List (23 elements)
46
58
89
71
36
89
108
104
120
118
162
155
152
221
179
270
224
245
306
199
255
177
109
List (23 elements)
75
56
70
70
64
96
140
103
143
177
200
216
225
233
225
260
153
141
120
77
55
52
7
List (23 elements)
53
66
134
103
67
80
133
77
172
172
158
178
280
246
287
282
344
406
388
247
265
279
37
List (23 elements)
58
62
75
69
53
[]
101
[]
83
113
131
111
144
147
162
176
200
231
202
170
132
134
26
List (23 elements)
[]
61
51
38
[]
84
92
84
81
91
131
118
129
129
163
178
106
82
121
92
91
159
18
List (23 elements)
48
54
101
77
53
73
120
77
138
138
144
154
166
185
201
232
253
305
232
158
139
157
22
List (23 elements)
58
[]
132
92
63
87
129
78
174
178
187
177
295
263
345
379
361
348
391
280
252
272
75
List (23 elements)
57
50
77
64
56
82
114
83
115
119
146
146
144
167
175
207
218
206
238
162
134
113
13
List (23 elements)
62
71
140
103
91
62
123
71
138
142
156
192
100
218
217
201
170
222
204
131
99
79
10
List (23 elements)
47
[]
104
73
59
81
129
86
142
144
168
165
186
255
275
289
233
281
289
207
199
184
65
List (23 elements)
48
50
88
72
56
71
115
76
136
132
149
154
184
217
271
272
254
255
314
191
187
178
18
List (23 elements)
[]
[]
[]
58
[]
[]
104
[]
[]
[]
[]
[]
[]
97
134
[]
143
110
111
99
85
75
31
List (23 elements)
48
57
115
86
57
77
132
77
138
152
164
156
193
202
246
276
300
306
312
225
206
243
84
List (23 elements)
64
69
110
80
69
95
130
104
151
149
194
179
262
264
264
291
222
252
235
232
185
240
130
List (23 elements)
61
55
83
70
67
89
121
97
134
124
166
151
225
279
272
326
293
308
304
304
232
262
101
List (23 elements)
42
52
106
79
52
74
120
76
132
153
146
171
218
208
254
271
289
333
293
235
189
174
46
List (23 elements)
49
54
106
88
62
74
121
80
133
153
154
166
207
221
239
272
239
285
298
211
184
174
43
List (23 elements)
[]
50
39
42
41
[]
[]
76
74
106
111
135
117
114
84
92
59
49
36
24
17
14
0
List (23 elements)
56
56
83
69
59
83
122
89
132
124
151
145
179
190
191
259
239
292
272
232
177
213
59
List (23 elements)
50
48
87
82
49
65
[]
[]
80
108
134
126
119
163
234
59
123
138
107
94
48
52
4
List (23 elements)
59
54
78
68
57
77
117
82
130
131
140
134
160
183
220
196
184
234
200
150
104
104
13
List (23 elements)
70
63
104
80
56
74
95
77
101
136
134
135
166
214
185
225
215
264
250
178
149
143
3
List (23 elements)
63
53
49
44
44
73
94
77
72
77
88
88
82
97
86
110
93
98
73
52
41
39
1
List (23 elements)
65
55
58
43
46
78
98
78
70
84
100
103
101
136
115
153
112
114
105
80
54
49
1
List (23 elements)
60
[]
61
64
65
84
118
96
118
106
155
132
200
221
208
236
179
186
167
168
109
147
67
List (23 elements)
62
60
94
69
53
76
105
79
96
123
130
127
144
159
207
220
208
251
249
228
196
191
84
List (23 elements)
59
61
79
70
64
84
120
101
122
124
156
149
219
241
222
260
215
235
231
247
197
208
97
List (23 elements)
68
62
93
71
64
90
123
96
137
151
163
157
193
225
230
349
243
357
330
338
257
311
112
List (23 elements)
68
64
85
71
59
83
123
95
115
137
161
133
180
189
202
235
255
307
287
265
211
255
79
List (23 elements)
52
47
50
45
43
69
88
70
71
78
97
97
90
101
95
114
85
68
63
35
24
28
2
List (23 elements)
69
63
76
72
63
93
128
99
129
167
185
204
226
250
215
258
184
186
170
121
104
81
15
List (23 elements)
63
56
59
48
50
80
101
85
78
96
123
112
125
153
169
181
159
169
161
110
90
88
6
List (23 elements)
58
57
70
68
61
79
118
93
123
111
172
168
254
285
290
352
304
332
349
337
247
319
161
List (23 elements)
59
60
70
70
65
81
122
99
124
124
155
151
212
226
222
245
238
279
251
250
188
223
97
List (23 elements)
46
[]
59
65
66
77
118
97
116
99
146
132
187
283
351
340
372
474
427
377
336
333
228
List (23 elements)
62
62
75
73
64
84
145
98
131
134
166
168
213
280
252
278
258
257
267
269
205
220
123
List (23 elements)
63
[]
81
65
55
76
117
76
118
127
132
134
170
180
225
222
212
258
248
209
159
185
49
List (23 elements)
61
[]
36
35
43
73
[]
76
74
95
115
128
119
119
75
102
71
39
37
24
18
16
1
List (23 elements)
61
[]
94
81
64
86
134
99
141
158
181
175
235
283
251
255
248
265
250
230
206
218
109
List (23 elements)
65
[]
69
57
52
84
110
89
104
111
131
121
214
262
289
351
307
342
372
244
200
213
60
List (23 elements)
71
60
48
39
40
72
87
78
87
107
117
73
55
42
43
45
50
27
38
43
52
37
23
List (23 elements)
62
66
76
69
65
84
125
100
130
119
161
143
200
258
211
281
238
331
275
368
287
341
174
List (23 elements)
60
61
69
59
51
82
105
80
98
123
132
140
140
207
213
248
199
211
204
141
107
91
6
List (23 elements)
43
53
75
65
49
69
104
81
118
115
142
150
146
199
221
236
273
244
230
197
144
183
83
List (23 elements)
60
62
71
67
63
81
122
97
125
133
170
177
218
249
213
272
220
255
240
240
174
210
102
List (23 elements)
71
67
98
76
58
91
112
84
105
122
143
145
161
207
215
290
207
247
231
158
132
109
11
List (23 elements)
60
63
72
67
63
84
121
95
125
127
170
185
217
240
234
280
215
248
234
229
172
200
85
List (23 elements)
65
61
95
75
51
87
108
77
101
124
136
142
160
273
289
351
276
324
287
216
179
153
23
List (23 elements)
57
67
91
76
62
81
121
95
129
131
160
163
194
233
244
269
251
301
288
305
221
271
155
List (23 elements)
60
62
71
65
63
82
122
97
122
121
158
152
198
197
180
212
174
179
165
155
115
144
70
List (23 elements)
63
58
53
43
46
76
98
84
80
84
112
124
144
167
154
196
147
165
152
136
84
59
5
List (23 elements)
64
51
81
71
58
81
118
91
126
156
170
176
183
186
146
166
118
56
47
28
21
17
11
List (23 elements)
[]
[]
53
55
[]
[]
[]
[]
[]
[]
82
97
99
111
143
192
161
137
144
158
156
156
107
List (23 elements)
62
71
92
77
65
86
125
100
132
131
164
161
211
272
257
322
272
345
350
350
274
315
184
List (23 elements)
62
65
75
69
63
86
124
99
141
148
176
208
246
319
302
318
335
353
346
382
268
323
169
List (23 elements)
61
64
67
67
65
83
124
100
126
123
158
157
192
231
218
262
263
293
300
299
251
246
133
List (23 elements)
63
[]
45
40
46
76
97
85
72
70
106
98
121
145
144
154
134
124
106
78
36
30
2
List (23 elements)
63
[]
47
40
44
73
96
81
77
74
105
112
98
106
113
132
86
100
80
62
46
36
1
List (23 elements)
48
52
96
61
42
96
[]
94
108
131
144
137
133
195
[]
274
183
278
193
220
150
137
26
List (23 elements)
56
53
57
54
46
73
97
80
95
116
142
147
159
204
209
273
218
215
184
146
111
81
14
List (23 elements)
[]
[]
48
34
40
87
83
[]
63
61
102
112
54
61
62
87
62
73
152
180
221
309
140
List (23 elements)
61
67
70
68
64
85
124
99
122
130
161
152
196
233
216
239
217
241
260
240
193
208
132
List (23 elements)
61
56
54
47
47
75
99
82
74
89
117
126
134
161
148
167
127
130
109
75
58
49
9
List (23 elements)
66
[]
82
66
64
77
119
99
124
135
171
189
237
317
309
363
309
316
322
282
257
188
68
List (23 elements)
65
56
40
39
48
74
99
87
67
67
106
95
100
124
124
135
123
116
95
88
47
47
6
List (23 elements)
68
60
42
34
[]
71
86
77
83
85
106
97
88
94
[]
123
98
112
103
94
82
70
27
List (23 elements)
[]
[]
49
53
[]
72
[]
[]
[]
[]
102
89
104
111
141
203
147
130
120
104
92
74
23
List (23 elements)
66
[]
45
46
49
78
102
85
93
108
134
148
186
200
224
296
217
236
200
144
102
98
22
List (23 elements)
65
53
38
38
45
74
95
85
72
77
105
108
132
164
133
150
104
125
95
67
19
17
2
List (23 elements)
64
53
38
36
45
75
96
85
69
73
112
107
126
176
149
167
117
124
102
67
13
15
1
List (23 elements)
64
[]
55
52
50
78
107
89
89
104
149
149
229
254
271
276
239
243
263
163
128
147
47
List (23 elements)
54
73
92
80
60
88
125
90
140
142
157
190
175
223
261
282
249
269
291
254
201
254
137
List (23 elements)
60
65
61
65
64
79
123
100
117
106
150
135
182
203
193
214
190
227
229
210
159
202
99
List (23 elements)
62
58
65
58
49
79
100
83
84
108
134
134
158
212
219
269
199
230
196
138
111
92
15
List (23 elements)
65
53
40
42
45
75
95
81
69
74
105
108
113
124
103
140
99
101
83
56
30
12
1
List (23 elements)
60
67
65
67
64
81
123
102
117
108
152
133
186
214
215
262
197
259
237
233
182
181
117
List (23 elements)
61
67
83
73
65
82
125
103
119
117
153
128
187
218
217
265
212
291
281
276
236
263
159
List (23 elements)
66
80
100
82
66
95
126
101
148
137
178
135
192
265
245
311
255
298
294
340
274
305
180
List (23 elements)
66
80
100
82
66
95
126
101
148
137
178
135
192
265
245
311
255
298
294
340
274
305
180
List (23 elements)
71
60
77
60
54
101
117
105
125
123
141
148
206
228
218
299
227
362
291
298
250
238
66
List (23 elements)
60
66
62
66
64
81
121
102
115
115
149
134
193
185
182
225
179
196
181
168
135
168
85
List (23 elements)
61
69
66
69
64
82
123
99
124
120
153
131
189
195
213
254
201
225
204
183
140
165
94
List (23 elements)
61
69
66
69
64
82
123
99
124
120
153
131
189
195
213
254
201
225
204
183
140
165
94
List (23 elements)
60
65
70
67
62
81
121
100
120
122
155
141
211
226
206
234
209
216
217
209
168
182
100
List (23 elements)
62
68
72
69
64
81
125
100
131
130
153
133
203
205
202
257
200
236
237
224
173
208
118
List (23 elements)
60
73
91
74
61
87
120
98
136
142
183
179
236
252
224
235
180
183
150
141
111
135
84
List (23 elements)
61
64
53
61
63
81
121
100
118
102
145
129
190
204
183
203
187
212
199
199
139
170
90
List (23 elements)
56
74
95
84
59
86
128
90
136
150
159
145
187
240
258
265
235
279
299
266
224
247
133
List (23 elements)
46
63
85
83
52
79
119
79
128
148
153
156
166
215
300
258
319
250
304
219
210
207
134
