List (23 elements)
4300
4177
1005
4362
3636
3662
3450
3661
3748
3296
3225
3125
3095
3026
3008
3189
4317
3182
3310
3700
3375
4101
N
List (23 elements)
1274
5043
869
4867
4332
5692
4934
5550
5837
6113
6086
5459
5915
5425
5522
5231
5277
4369
4534
4742
1163
5832
N
List (23 elements)
4446
8077
1514
7532
7433
7664
7389
7519
7597
7703
7977
7756
7742
7685
7547
7867
7574
7468
7843
8060
8207
8382
N
List (23 elements)
5177
5618
1232
5087
5394
5607
5340
6124
6777
6850
6696
6192
5831
5682
5578
5628
5805
5558
5477
5011
5837
5823
N
List (23 elements)
2654
2570
2348
2698
2805
3224
3035
3349
3543
3017
2286
1899
1747
1702
1601
1626
1716
1662
1648
1581
1642
1988
N
List (23 elements)
4290
5604
2825
1870
2474
5921
6428
6763
6683
6938
6485
6704
6851
6624
7006
6467
7940
7123
7483
7081
6675
7254
N
List (23 elements)
2060
2263
154
2291
2565
3789
5108
4854
7123
6160
4097
3300
2984
2409
2487
2612
2292
2007
2042
1858
1849
1521
N
List (23 elements)
8529
7823
7232
7307
7366
7183
7053
8088
7972
7927
7953
7741
7392
7528
7691
7742
7967
7131
7485
7174
8586
7400
N
List (23 elements)
3805
3690
289
4115
3391
3633
3524
3593
3669
3423
3143
2922
2703
2647
2535
2850
3597
2974
2864
3130
3698
1019
N
List (23 elements)
2862
2908
229
2956
3200
3790
3429
3936
4148
3210
2680
2430
2246
2097
1996
2113
2965
2049
2391
2185
2405
2482
N
List (23 elements)
4195
3790
3186
4070
2154
2315
6314
7360
6558
6523
6532
6672
6335
6462
7548
6466
7878
7141
7130
7565
7795
3668
N
List (23 elements)
2404
2398
5
2682
2834
2895
2807
3317
3758
3630
3100
2284
1906
1955
1908
1911
1900
1849
1868
1777
1721
1848
N
List (23 elements)
3051
3155
3050
3165
3350
3590
3500
3238
3002
2356
2058
1990
1957
2021
1814
1860
2025
2000
1806
1939
2155
2485
N
List (23 elements)
2597
3512
-46
2797
3322
3402
3460
4124
3665
3145
2663
2491
2075
2279
2218
2227
2481
2444
2613
2640
3180
30
N
List (23 elements)
4226
4252
937
4692
3704
3702
3299
4494
3743
3503
3365
2803
3262
3537
2871
3513
4334
3415
3948
4079
4334
3949
N
List (23 elements)
1313
3368
82
520
3088
3505
4493
5196
6195
6443
6516
6009
5531
5260
4911
5356
5147
4478
4222
4249
6199
6954
N
List (23 elements)
6184
6970
3302
3182
6411
6200
6987
6416
7720
6807
6952
7169
7105
6846
7169
7097
7750
7058
7448
7324
8235
8576
N
List (23 elements)
4105
4022
3473
4343
4304
4366
4452
4492
4370
4298
3272
3911
4320
3643
3001
3199
3220
3290
2670
2451
3005
3377
N
List (23 elements)
4733
4901
481
3389
4338
3882
4431
5415
4736
4731
4536
4090
4330
4019
3944
3828
5150
4150
4106
4925
5387
5541
N
List (23 elements)
247
3195
349
3359
3022
3277
3133
3728
3828
3615
2650
2218
2128
2081
2120
2000
2163
2233
2347
2408
2806
528
N
List (23 elements)
637
5939
620
526
1367
5305
5211
4629
4886
5710
5103
4821
5284
5647
4470
5136
5308
5018
5233
6142
6529
6447
N
List (23 elements)
7106
7688
5876
6695
7581
7216
6839
7261
7388
7283
7319
6950
7508
7872
7513
7680
7604
7772
7826
7602
8834
8170
N
List (23 elements)
7053
6701
2492
5604
6373
5455
5944
6627
6077
5322
5329
5697
5931
5914
6220
5928
7087
6537
6978
7092
7269
7694
N
List (23 elements)
786
4477
404
3800
4134
4114
4024
4145
4723
4370
4182
4276
4160
4180
3732
3873
5551
4028
4226
4263
4923
3716
N
List (23 elements)
358
1055
624
320
153
6131
6100
6214
5988
6564
6446
6802
6298
6271
6240
6480
6666
6342
6590
7018
1388
7231
N
List (23 elements)
4181
6856
1983
5934
6082
5754
5575
6730
6629
5540
5687
5643
5810
5444
5551
5576
7668
6445
6311
6831
6716
6745
N
List (23 elements)
4720
6831
2766
966
895
2800
6712
6693
6706
5798
5932
6359
6540
6593
6758
6576
8194
7374
7466
7248
1603
3850
N
List (23 elements)
3739
3634
3242
4020
3420
3913
3448
3894
3750
3330
3246
3062
3498
2848
3100
2872
3338
3046
3049
3333
4307
3408
N
List (23 elements)
5146
5539
5181
5591
5510
5648
6224
6124
6798
5348
4416
4421
4820
3455
3975
3835
4285
3664
3457
4312
4875
4405
N
List (23 elements)
4985
5818
5917
6152
5016
5312
5473
5332
5962
5607
5163
5135
5107
4913
4875
5038
6471
5088
4941
5441
6255
5212
N
List (23 elements)
2959
4662
3684
1425
1745
5233
6620
7623
7264
6686
6768
7119
7326
7071
7149
7321
8073
7589
7645
7676
4045
2981
N
List (23 elements)
4025
2799
385
4250
3638
3532
3801
4384
4340
3957
3469
2321
2776
2922
2927
2970
3152
3394
3392
3431
3879
3862
N
List (23 elements)
609
1260
831
225
3023
4475
4205
4952
5181
4940
4567
4498
3712
3769
3708
3573
3847
3526
3713
3455
782
258
N
List (23 elements)
6007
6019
5789
5726
6439
7143
7222
6963
7457
5885
5308
5068
4525
4545
4449
3680
3714
3451
3394
3927
4267
4720
N
List (23 elements)
6405
6473
6472
6198
5652
5427
5346
6571
5988
5820
5752
6031
5962
5775
5478
5849
7413
6384
6590
6639
7066
7099
N
List (23 elements)
2268
4938
1058
5318
4385
4548
4950
5927
5469
4874
4446
4204
4070
4141
4179
3880
5584
4615
4516
4692
5373
5905
N
List (23 elements)
3608
3613
3200
3479
3844
4357
4511
5760
5078
4977
4449
3803
3048
2960
3364
3209
3668
2709
2840
2781
2993
3002
N
List (23 elements)
4606
6915
3477
4095
1960
3827
5582
7101
5687
5686
5561
6097
6016
6406
6188
6475
7343
6818
7549
7009
5298
7365
N
List (23 elements)
2253
8531
3983
8202
8266
8384
8320
8485
8464
8310
8467
8370
8624
8560
8492
8513
8629
8433
8638
8974
8413
9025
N
List (23 elements)
6786
7238
6638
7479
7246
7141
7384
7610
7667
7671
7780
7797
7448
7523
6982
7584
7919
7440
7539
7991
9030
7269
N
List (23 elements)
395
1159
1066
891
4777
2516
4517
4507
4928
5111
5109
5456
4717
4851
4656
4952
5494
4757
4968
5395
2606
4435
N
List (23 elements)
479
3917
4493
4222
3719
3940
3871
5114
4959
4538
4136
4412
3590
3886
3899
4448
4716
3777
4439
4378
5388
3958
N
List (23 elements)
2570
4736
2953
1848
4061
6681
6239
7172
6032
5794
6202
6085
6209
6760
6868
6662
7598
6972
7749
7572
8649
9400
N
List (23 elements)
7271
8060
6030
5932
7777
7453
7857
8332
8340
8164
8401
8442
8923
8329
8434
8490
8735
8554
8682
9005
9364
8849
N
List (23 elements)
1020
1950
876
2330
975
1586
4742
5949
5150
4735
4841
5089
4959
5023
5190
5160
5640
5508
5684
6116
1571
745
N
List (23 elements)
407
5337
1638
924
1391
4531
3744
4872
4511
3591
3875
4348
4441
4376
4174
4193
4954
4523
4966
5137
812
3256
N
List (23 elements)
3232
3758
461
4076
3542
2330
4257
4511
4590
3782
3146
2874
3164
2980
3120
2899
2695
2914
2777
2613
3350
3057
N
List (23 elements)
7919
7822
7691
7427
7297
6723
6899
7455
7123
7080
7082
7136
7228
7011
7195
7141
8214
7409
7786
7863
7704
7276
N
List (23 elements)
6855
6698
6692
1284
5595
5252
5747
5836
6169
5928
5918
5820
6013
5789
5811
5849
7490
6227
6498
6895
8110
3041
N
List (23 elements)
4372
3896
4624
5361
3980
4399
4745
5813
4868
4342
3619
3399
3348
2929
3342
2961
4390
3077
3728
3951
3276
4468
N
List (23 elements)
2980
3023
138
2487
3232
3703
3577
4475
4206
4267
3370
2475
2106
2018
1966
1905
1837
1870
1804
1681
1364
1478
N
List (23 elements)
6809
5739
650
5676
5651
5966
5854
6590
6794
7081
6900
6521
6327
6140
5966
6041
5557
5896
5939
6121
6687
6309
N
List (23 elements)
6950
7558
6731
7277
7242
6450
6866
6740
6650
6506
6386
6706
6903
6792
6754
6786
7713
7223
7522
7420
4563
7637
N
List (23 elements)
5198
4247
4437
4632
4185
4743
4818
5035
5060
4353
3538
3116
2711
2755
3074
2623
3064
3114
2686
4131
3235
2848
N
List (23 elements)
1339
7419
2792
2554
2401
4419
5625
6122
6502
6080
6223
6318
5965
6387
6604
6335
7484
6811
7052
7468
4604
6122
N
List (23 elements)
7210
6228
6877
5771
5765
5560
5643
5990
6842
6200
6123
6413
6143
6357
6136
6433
7378
6223
6336
6689
7432
6590
N
List (23 elements)
1237
8338
3137
5869
4473
7995
7778
7872
8044
7936
8178
8161
8170
8354
8325
8361
8691
8120
8390
8754
6947
8681
N
List (23 elements)
2084
3641
2001
1489
3037
5465
6080
6280
5631
5386
5485
6082
5957
6043
5502
5513
7399
6304
5899
6488
3674
1579
N
List (23 elements)
3539
2877
2876
3166
3431
4746
5006
5483
5639
4725
3942
3510
2327
2961
2847
2744
2676
2822
2479
2433
2241
2548
N
List (23 elements)
7259
7042
6463
6478
6113
6951
6569
6931
6623
6997
6466
6679
6655
6714
6345
6897
7752
6763
6949
6532
6489
7135
N
List (23 elements)
7853
8291
7840
7561
7595
7482
7637
7945
8037
7877
7911
7844
7616
6616
8076
7873
8085
7990
8057
7870
7872
7345
N
List (23 elements)
351
4007
283
183
4847
3829
4156
4904
5126
4772
4474
3876
3556
3273
3578
3355
4024
3543
3422
3638
1753
424
N
List (23 elements)
1867
2005
3603
2457
1332
2979
6957
6396
6227
6357
6649
6003
6699
6698
6681
6333
7894
6881
6983
6949
2444
4051
N
List (23 elements)
2106
6930
7079
1730
5796
6390
7150
8481
8754
8636
8607
8681
8455
8351
8309
8266
8474
7072
6777
6676
7244
6939
N
List (23 elements)
3153
6275
1821
2108
1396
6128
5552
6450
7038
6626
6931
6787
6798
6307
6472
6346
6852
6418
6620
6489
4006
2319
N
List (23 elements)
357
5102
1242
674
1008
2467
5493
6169
5989
5893
5862
6805
5523
5358
5338
5876
7390
5793
5697
6638
3027
6284
N
List (23 elements)
2144
6175
6214
1442
1794
5399
6242
5605
6265
6399
6200
6499
6402
6161
6233
6202
7475
6470
6459
6903
5086
1803
N
List (23 elements)
2345
7010
2177
6314
6390
6463
6734
7124
7166
7194
7048
6657
7305
7347
7110
6558
7449
6658
6840
6870
8194
6746
N
List (23 elements)
7810
6940
7284
6518
6216
5851
5712
5933
6771
6295
6336
6478
6773
6623
6682
6541
7926
6764
6959
7370
7865
6289
N
List (23 elements)
2020
6846
593
1224
2633
6446
6557
6273
7320
7414
8029
7962
8285
8436
7939
7882
8377
7620
7826
7802
8850
8233
N
List (23 elements)
923
3018
3099
3650
3618
4125
4607
4537
4469
3470
3479
2800
2437
2817
3161
2581
3352
3247
3330
3433
3812
3161
N
List (23 elements)
6060
6082
6172
6090
5819
6167
6488
7310
7481
7256
7049
7018
6900
6028
6669
6670
7152
5582
6253
6075
6816
5452
N
List (23 elements)
4013
3938
3753
4044
4001
4489
4428
5170
5500
4579
3728
4121
3916
3472
3434
3747
3740
3661
3835
3515
4809
3235
N
List (23 elements)
2238
4608
2542
1763
4846
5166
4514
5152
5209
4774
4507
4388
4371
4363
4375
4547
5125
4715
5098
5278
6046
1168
N
List (23 elements)
3374
3270
3268
3564
3682
4098
3394
3432
3735
3127
2579
2416
2212
2309
2195
2145
2290
2898
3102
2846
3069
2896
N
List (23 elements)
8121
7042
2192
4434
6875
6989
6288
6465
6777
6470
6629
6683
6524
6190
6653
6925
7531
6505
7251
6578
8267
7228
N
List (23 elements)
2919
4727
750
1465
3958
4468
4394
5455
4942
4097
4048
3909
3855
3898
3812
3723
5026
4260
4400
4378
3753
1361
N
List (23 elements)
559
2416
279
-66
2404
2934
3689
4659
5054
4250
3625
3262
3070
2694
2687
2682
2711
2649
2576
3022
328
-1
N
List (23 elements)
1186
154
950
362
112
857
1055
5068
2245
3769
3829
4367
4319
4197
3155
3687
4397
3775
3433
4073
122
721
N
List (23 elements)
8045
7891
7872
7272
7638
7535
7685
8314
8540
8396
8303
8431
8011
8044
7992
8174
8588
7944
8166
7874
8330
8646
N
List (23 elements)
7401
7569
7484
7322
7009
7399
7020
7396
7726
7539
7468
7385
7576
7383
7141
7263
7267
7071
6989
6962
7438
6730
N
List (23 elements)
195
3295
126
-218
3080
3483
3681
4813
4544
4036
3777
3470
3245
3071
2982
2956
3707
3091
2983
3236
798
342
N
List (23 elements)
3696
7543
5746
4907
5166
6814
7067
7375
7325
7197
7329
7960
7500
7367
7367
7243
7971
7396
7522
7635
7815
8472
N
List (23 elements)
7936
7864
7739
7554
7480
7568
7789
7737
8060
7876
7816
8010
8033
7812
7883
7860
8140
7763
7851
7571
7988
8443
N
List (23 elements)
7353
6915
7014
7234
6600
6230
6971
7131
7167
6794
6713
6522
7031
7053
6975
6448
6975
6844
6864
6867
7232
7408
N
List (23 elements)
-134
2003
-67
-177
1892
2290
2722
3687
4283
4075
3742
3010
2364
2470
2317
2178
2318
2186
2079
2115
2039
230
N
List (23 elements)
777
4683
5029
293
4707
4602
4346
5015
5349
4844
4712
4286
4276
4294
4113
3975
4723
4577
4524
4709
5031
1145
N
List (23 elements)
5360
4389
4903
5164
5141
7760
7556
7520
7130
7393
6622
6102
5753
5484
5223
5772
5101
4145
4533
4193
4493
5056
N
List (23 elements)
8386
7961
8063
6781
7110
7983
7741
7196
7530
7320
7368
7585
7651
7519
7657
7621
8258
8081
8130
8299
8987
8429
N
List (23 elements)
7793
7478
6988
7074
7191
7217
6995
7415
7871
7800
7736
7520
7253
7189
7191
7690
7620
7372
7645
7330
8332
7324
N
List (23 elements)
6863
6629
6829
6985
6505
6377
6565
6960
7407
7070
6988
7180
6900
6870
6856
6871
7455
6812
6986
6604
7037
7501
N
List (23 elements)
5098
4476
4479
5017
4119
4522
4866
5349
5281
4997
4746
4708
4274
4080
4130
4061
5044
4480
4397
4684
5114
4759
N
List (23 elements)
6451
6204
6140
6274
5912
6518
7126
7741
8307
7560
7631
7608
4965
3963
3822
4034
4670
3920
4136
3600
3933
4277
N
List (23 elements)
7611
8025
7214
7401
7289
7176
7364
8224
8362
8127
8063
8062
4684
3848
5247
4155
5296
4623
4318
3447
4189
5104
N
List (23 elements)
4597
6764
2452
2320
6229
7264
6019
7047
6839
6209
6405
6552
6381
6508
6454
6587
6737
6984
7222
7319
4736
970
N
List (23 elements)
8294
5640
6351
6176
5640
7122
6417
6366
7229
6994
6764
7197
3084
2741
2767
2896
3367
3342
3461
3212
4134
3439
N
List (23 elements)
4673
7675
7199
7352
7665
7378
7231
8242
8316
8086
8161
8197
6697
4165
5859
6902
5966
5127
7240
5026
8078
7666
N
List (23 elements)
2693
3138
-74
3193
3274
3458
4096
5514
4822
4748
4283
3681
3435
3752
3480
3364
3378
2872
3051
2971
3990
223
N
List (23 elements)
6982
6549
6680
6742
6420
7057
6827
7282
7368
7056
6726
6332
3097
3226
2907
2570
3359
2642
2956
2846
3174
2907
N
List (23 elements)
6792
6387
6385
5964
6144
6805
6590
6629
6867
6644
6647
6618
3708
3192
2214
3290
3240
2983
3160
2725
3544
3328
N
List (23 elements)
6091
6084
6075
6043
5907
6813
7075
5848
5714
5066
4969
4837
4236
4727
4718
4648
5142
5311
5019
5461
5674
6087
N
List (23 elements)
6083
5750
5717
5870
5853
7037
7248
6462
5878
4875
4765
4291
4103
4297
4354
4280
4768
5221
4330
4512
4726
5387
N
List (23 elements)
6402
5829
5461
5919
5409
6250
6042
5376
5420
5553
5634
5348
5514
5853
5716
5464
6878
5612
6036
6338
6549
7350
N
List (23 elements)
6561
6585
6375
6606
6064
6620
6866
6882
7251
6360
6292
6430
2881
2460
1968
2042
2816
2609
2438
2390
3014
3001
N
List (23 elements)
6043
5603
5466
5642
5089
5713
5525
5277
6073
5615
5737
5307
3045
2419
2000
2612
3884
3014
2746
2648
3119
3223
N
List (23 elements)
602
2356
2217
2142
2433
2740
3105
4317
3763
3297
2930
2668
2398
2370
2322
2260
2638
2213
2210
2196
2582
359
N
List (23 elements)
7543
7357
7089
7621
7022
7044
7173
7156
7081
7175
7095
6973
6957
7081
7043
7100
7277
7259
7370
7113
8231
8214
N
List (23 elements)
6019
6056
2666
3485
5089
6198
6511
7891
7263
6651
7245
7560
7008
7658
7370
7864
8219
8071
8443
8150
7133
8505
N
List (23 elements)
5670
5936
5851
6266
6185
6931
7398
6572
5218
4414
3919
3935
3489
4604
3715
3967
3752
4679
3964
3656
4111
4488
N
List (23 elements)
7735
7122
7428
7616
6377
6325
6508
6915
7024
6785
6532
6639
6605
6802
6663
6703
7217
7132
6998
7219
7165
7824
N
List (23 elements)
564
4282
5636
1127
4049
4363
4437
5564
5667
4799
4297
4095
4156
4758
4005
3973
4318
4457
4580
4444
755
1199
N
List (23 elements)
5335
6658
7088
6560
6918
6704
6970
7036
7560
7358
7367
7258
7093
7013
7011
6944
7450
6899
6710
6625
8027
7766
N
List (23 elements)
5124
5967
5824
5992
5602
5690
5556
5802
6770
6355
6391
6392
6286
5557
6071
6189
6452
6195
5874
5551
6883
6519
N
List (23 elements)
6246
6431
6156
5636
5655
6524
7297
7259
7061
6501
6593
5911
5906
6451
6221
6151
5533
6890
6020
6280
6105
6224
N
List (23 elements)
3119
6653
5390
2618
1661
6082
6666
7444
7066
6801
6840
7380
7036
7127
7054
7427
8235
7553
7883
7732
5394
5539
N
List (23 elements)
4402
7733
7620
5915
6637
7299
6779
6191
7414
6789
7138
7516
7401
7360
7490
7648
8126
8051
8159
8007
6768
7499
N
List (23 elements)
288
2477
-267
2758
2746
3230
4076
5005
4399
3388
2864
2579
2522
2474
2299
2245
2108
2295
2208
2133
2327
2169
N
List (23 elements)
2500
5740
5947
4078
1498
6770
5592
6905
6485
5869
6042
6222
6085
6226
6142
6253
7396
6517
6817
6859
3838
3683
N
List (23 elements)
857
2455
-110
2787
2291
2719
3538
4227
4141
3286
2942
2698
2546
2298
2293
2366
2846
2288
2187
2229
2283
416
N
List (23 elements)
3860
7310
7633
3100
2778
7111
6364
7477
7070
6329
7115
7336
7084
6576
7075
6942
7552
7520
7672
7370
3981
3111
N
List (23 elements)
2089
2071
2020
2162
2520
2574
3219
4024
3474
2798
2256
1941
1697
1651
1667
1612
1449
1393
1349
1359
1165
1165
N
List (23 elements)
6027
5705
5404
5886
5407
5652
5751
6552
6606
6397
6229
6073
5836
5841
5636
5823
6883
5995
5846
5812
6440
6914
N
List (23 elements)
7435
8332
7514
8152
7876
7193
7762
8505
8305
8277
8308
8471
8426
8478
8394
8063
8317
8288
8234
8518
8437
8980
N
List (23 elements)
2240
2872
5724
2728
1769
7105
5451
6952
6314
5797
5904
5759
5872
5617
5856
5448
5769
6237
6380
6489
3780
3126
N
List (23 elements)
5830
2541
1210
764
6331
2203
5886
5250
6218
5784
6043
6023
6069
6750
6312
6088
6336
6713
6642
7021
1030
3056
N
List (23 elements)
6544
6714
6395
6518
6528
6453
7010
7613
7699
7986
7153
6771
6876
6214
6630
6459
6743
6532
6399
6654
6742
6963
N
List (23 elements)
6977
7911
7754
7739
7386
7433
7213
7501
7605
7498
7614
7636
7779
7552
7645
7706
8044
8006
7899
7613
7987
8268
N
List (23 elements)
1885
5006
1841
2886
1801
1944
4252
6094
6360
6308
6185
6663
6030
6585
6110
6601
6241
6526
6834
6884
2401
2911
N
List (23 elements)
2069
2134
2037
2239
2381
2887
2915
3975
3286
2512
2301
2084
1913
1824
1795
1775
1896
1726
1680
1679
1833
1719
N
List (23 elements)
5042
5355
5177
5181
5819
6149
6807
4684
3951
2886
2553
2182
2437
2475
2232
2091
2310
2372
2135
2542
3509
4075
N
List (23 elements)
5972
6333
6024
5412
6274
6794
7312
5899
6134
4730
4513
4090
4130
4543
4081
4224
4824
4770
4392
3969
3922
5132
N
List (23 elements)
2389
7371
1672
2516
3709
7539
6025
7855
7420
6558
6900
7270
7134
6887
7155
7171
7293
7239
7859
7665
7996
7658
N
List (23 elements)
4928
6608
7393
2613
1868
6736
6445
7601
6723
5991
6335
6359
6234
6655
6498
6705
6748
6987
7158
7170
5794
7347
N
List (23 elements)
8231
8439
6515
7807
7906
8125
8053
8042
8174
8154
8315
8417
8288
8360
8307
8393
8386
8356
8146
7941
8068
8691
N
List (23 elements)
5188
5383
5495
5663
5703
6015
6259
4531
4191
3699
3551
3225
3069
3034
3160
3018
3437
3083
2989
3504
3618
4691
N
List (23 elements)
462
4082
116
11
213
4150
4777
5421
5653
5378
6078
5883
5362
5502
5324
4880
5493
5258
5142
5228
983
412
N
List (23 elements)
5944
5879
5857
5578
5801
6127
6301
6187
5792
5075
4677
4587
4901
4458
4474
4317
5061
4928
4861
5226
5456
6041
N
List (23 elements)
7919
8052
7792
7561
7508
7901
7666
7807
7893
7804
7796
7605
7739
7738
7751
7863
8318
7927
7912
7858
8234
8738
N
List (23 elements)
2840
3705
5698
1618
3022
2170
5601
6415
7208
6670
7013
7188
7547
7437
7327
7447
7675
7501
8033
7898
2188
5485
N
List (23 elements)
8427
8205
7860
7923
8335
7729
8073
7614
8136
7860
8180
7919
8014
8112
8110
7953
8343
8007
8278
8142
8282
8120
N
List (23 elements)
6589
6133
6212
6012
5913
6286
6668
6700
6994
6684
6515
5826
5869
5472
5796
5571
5663
5919
5589
5740
5767
6497
N
List (23 elements)
2095
4767
4749
1
912
4474
4814
5494
6049
6267
6376
5998
5957
5478
5776
5268
6001
5347
5121
5195
2057
4831
N
List (23 elements)
5118
7142
7359
1902
6081
7114
7295
7455
7465
6913
7250
7358
7355
7611
7390
7660
7732
7372
7738
7928
7569
7689
N
List (23 elements)
5991
5885
5416
6139
5905
5067
5847
5855
5426
5110
5127
5359
5244
5408
5281
5267
6705
5702
5735
5980
6113
6527
N
List (23 elements)
4770
6979
6097
3287
3598
6537
6917
6640
7116
6551
6951
7065
6999
6990
7052
6963
7864
7168
7345
7434
7040
7129
N
List (23 elements)
5468
5542
5331
5628
5670
5747
4184
3919
3669
3326
3349
2869
2857
2784
2866
2549
3052
2782
2553
4044
4104
5062
N
List (23 elements)
4515
4900
4786
4823
5218
5662
6045
4080
3741
3234
3233
3037
3133
2923
3073
2891
3348
3131
3159
3858
4000
4683
N
List (23 elements)
3395
7492
4339
3572
7548
7072
7431
7414
6910
7163
7111
7524
7128
7755
7399
7163
7470
7798
7552
8046
7836
8880
N
List (23 elements)
1335
5007
512
1051
551
4485
4361
5165
4896
4230
4309
4095
4329
4208
3898
4186
5798
4521
4748
4848
2124
1004
N
List (23 elements)
5568
4537
443
584
5219
5109
5567
6474
6751
6120
6328
5910
5810
5747
5428
5470
6132
5330
5550
5332
6935
5496
N
List (23 elements)
1325
6577
1235
1438
1601
4813
5154
5487
5578
5579
5533
5549
5435
5659
5539
5716
6040
5922
6084
6333
6463
6729
N
List (23 elements)
6840
6525
6426
6517
6138
6740
7870
7875
8022
7452
7569
7175
6650
6699
6391
6353
6761
6079
6033
6111
6442
6899
N
List (23 elements)
7445
7590
7358
7816
7156
6680
7147
7731
8108
7605
7663
7770
7744
7558
7704
7484
7805
7610
7388
7047
8178
7341
N
List (23 elements)
4935
5409
5273
6010
5720
6226
6590
4727
4134
3564
3274
3491
3201
2689
3071
3116
3265
3616
3415
3549
3903
4636
N
List (23 elements)
672
3661
16
228
3833
3703
3524
4517
4234
3745
3770
3845
3658
3417
3346
3396
4179
3524
3641
3489
901
4354
N
List (23 elements)
4514
5461
5239
5396
5497
5596
6295
3842
2449
2137
2068
2000
2056
1953
1988
1961
2053
2037
1911
3198
4030
5179
N
List (23 elements)
3781
4628
3772
3973
4548
4900
5736
5871
6390
5382
6329
6130
5566
6406
6468
5445
6192
5129
4644
4181
4040
4580
N
List (23 elements)
7745
7916
7667
7666
7619
7918
8084
8535
8418
8290
8173
7690
7913
7248
7874
7835
7644
7671
7590
6838
8171
8119
N
List (23 elements)
1137
4494
825
194
3593
4715
4344
5494
5490
4700
4562
4394
4200
4370
4623
4298
5429
4430
4928
4720
3135
5323
N
List (23 elements)
3564
7511
525
2328
957
901
6944
6699
7758
6423
7081
6283
6994
6955
6811
6841
7286
5955
7183
6264
2135
2723
N
List (23 elements)
5299
6175
6105
6155
6181
6183
6700
3746
3021
2369
2188
2072
1876
1958
1985
1998
2028
1871
1992
2656
2478
3467
N
List (23 elements)
1771
5656
1268
1970
1523
6685
6196
6687
6419
6250
6086
6628
6423
6666
6088
6511
7418
6197
6558
6307
5376
7528
N
List (23 elements)
8212
7542
7765
8091
7763
7516
7649
7739
7934
7710
8021
7994
8234
8069
7717
7789
7761
7938
7918
6106
7905
8190
N
List (23 elements)
7929
8209
8067
8025
7881
7740
7898
7951
8127
8092
8142
8106
8186
8146
8096
7892
8070
8043
8048
8376
7869
8196
N
List (23 elements)
8022
8161
7892
6297
7332
7554
7721
8096
8291
7829
8327
8159
8522
8278
8219
7932
7683
7817
8040
8103
8337
8677
N
List (23 elements)
5988
5667
5598
6107
6043
5721
6141
6371
6381
6250
6171
6001
6213
5995
6141
5833
6827
5813
6024
5435
5924
6276
N
List (23 elements)
6609
6569
6551
2365
5548
5750
6606
5605
6841
6572
6552
6268
6558
6563
6475
6260
7089
6767
6267
7015
6816
6950
N
List (23 elements)
6221
5832
5717
6036
5305
5198
5618
4328
4631
3967
3939
3793
4008
3801
3908
4041
4682
4722
4870
5491
5870
5996
N
List (23 elements)
8251
7685
7519
8435
7325
7005
7704
8120
7707
8023
7721
7544
7638
7541
7817
7599
7764
7834
7807
6410
6101
6389
N
List (23 elements)
5680
7114
7044
3089
6723
6610
7055
7794
8247
8239
8385
8217
8504
8312
8251
8257
8241
7678
7632
7172
6062
7356
N
List (23 elements)
6341
7231
7100
3118
6803
6613
6838
7125
7369
7414
7094
7244
6994
6996
7273
7066
7712
7076
6908
6985
7892
7414
N
List (23 elements)
6970
6569
6681
6263
6095
6297
6522
6127
6597
6172
6466
6306
6336
6389
6454
6232
7254
6365
6702
3406
3404
3101
N
List (23 elements)
7212
6711
6826
6515
6361
6662
6788
7051
7141
7102
7020
7139
7195
7305
7037
7066
7575
7025
7197
4145
3970
3469
N
List (23 elements)
7532
7211
7265
7233
6965
6701
7215
7212
7437
7480
7547
7250
7618
7317
7609
7361
7757
7652
7480
7613
7285
7380
N
List (23 elements)
6662
6698
6696
6844
6861
6687
7851
8645
8656
8619
8558
8457
8540
8424
8261
8095
8522
7660
6958
6142
6353
6777
N
List (23 elements)
8064
7681
7777
7333
7141
7780
7438
7672
7896
7820
7824
7843
7807
7781
7680
7673
7814
7470
7072
7397
8021
8346
N
List (23 elements)
6893
6644
6652
6355
6088
6170
6771
6735
6705
6335
6261
6454
5945
5917
6103
6218
7065
6509
6629
4192
3347
3829
N
List (23 elements)
7630
7392
7370
5147
6531
6690
7220
7257
7292
7729
7829
7584
7691
7653
7626
7576
7702
7326
7221
7270
7518
7376
N
List (23 elements)
6560
6397
6348
6383
6161
6283
7020
7159
7358
6893
6990
6976
6733
6554
6641
6553
6673
6607
6626
6465
5861
5982
N
List (23 elements)
7349
7207
7156
7797
7359
7255
7884
8691
8610
8717
8742
8669
8491
8326
8449
8187
8419
7914
7498
5630
6119
5692
N
List (23 elements)
7723
7827
7517
2289
3758
5987
7568
7859
8314
8314
8475
8562
8598
8414
8436
8349
8460
7830
8022
8133
8167
5375
N
List (23 elements)
6647
6559
6328
6512
6443
7217
7673
7537
7637
6820
7037
6752
6566
6260
6210
6105
6346
6082
6184
5290
5612
5875
N
List (23 elements)
7323
6699
7115
6505
6170
6340
7797
7383
7647
7363
7206
7145
7402
7416
7236
7471
7865
7199
7182
6615
6357
6021
N
List (23 elements)
7094
7117
7176
7177
6977
6958
7030
7291
7315
6938
7019
6763
6831
6722
6748
6689
7191
6929
6868
5074
4936
4681
N
List (23 elements)
6373
6061
6123
6009
5808
5880
6507
6551
7005
7141
6607
6380
6499
6920
6257
6012
6818
6353
6114
3916
3704
3401
N
List (23 elements)
6864
6539
6605
6902
6842
6532
7206
7834
7708
8148
8247
8071
7731
7673
7556
7394
7153
7152
6984
2359
2785
2495
N
List (23 elements)
6608
6597
6484
6738
6666
6458
6581
7348
6786
5552
5414
5379
4833
4246
4417
4212
5221
4521
4474
5172
6244
4799
N
List (23 elements)
6854
6992
6586
7007
6919
7564
7644
7725
7697
7234
7038
6969
6661
6321
6427
6411
6628
6638
6417
6804
6543
7072
N
List (23 elements)
6967
6623
6874
6989
6594
6341
7508
7225
7430
7169
7096
7072
7171
7014
6914
6779
7559
6784
6798
4494
4723
4137
N
List (23 elements)
7054
6927
7016
6465
6265
6436
7242
7019
7043
7152
7025
6757
6655
6448
6731
6406
7175
6624
6456
4818
4550
4295
N
List (23 elements)
5480
4860
2686
5209
5147
5195
6216
5956
6060
5673
5170
5459
5307
5227
4863
4928
5414
5040
5332
3055
3016
3029
N
List (23 elements)
7535
7962
7856
3816
5762
7277
7856
8163
8444
8356
8532
8712
8697
8580
8567
8449
8447
8216
7938
7976
7540
6919
N
List (23 elements)
7841
7572
7478
5871
5201
7321
7455
7488
7974
8127
8270
8309
8411
8310
8302
8206
8244
7865
8040
7939
8210
6779
N
List (23 elements)
6346
6577
6103
6492
6615
7527
8216
8125
8313
7846
7452
7265
6730
6752
6565
6489
6404
6257
6297
5221
5712
5563
N
List (23 elements)
6554
6734
6382
6723
7031
7550
7777
7668
7515
6983
6633
6307
6393
6291
6319
5864
6577
6186
5936
5667
5811
6060
N
List (23 elements)
7489
7986
7962
8126
8132
7601
8102
8163
8746
8726
8744
8749
8788
8662
8567
8527
8704
8402
8078
6422
6119
6081
N
List (23 elements)
7058
7059
7160
7046
7229
7800
8322
8460
8520
8411
8196
7916
7688
7953
7756
7427
7164
7393
7153
5933
5478
5173
N
List (23 elements)
6815
6674
6905
6567
6154
6972
7810
7416
7929
7568
7244
7022
7192
6999
7075
6862
7204
6500
6758
4731
4710
4380
N
List (23 elements)
6027
6328
6046
5929
5850
6391
7257
7601
7890
7763
7557
7432
7254
7056
6953
6577
7194
6683
6370
3228
2948
2944
N
List (23 elements)
6405
6129
6056
6051
5900
6551
7280
7782
7950
7573
7443
7304
7023
6815
6788
6536
7124
6421
6259
2993
2789
2644
N
List (23 elements)
6852
7025
6518
5888
6857
7020
7005
7473
7537
7262
6942
7415
7217
7358
6728
6948
7446
7303
6869
5673
5073
5031
N
List (23 elements)
7952
8014
8075
8297
7477
7833
8131
8457
8515
8585
8595
8674
8729
8552
8592
8507
8360
8405
8274
7495
8077
7922
N
List (23 elements)
6382
6481
6418
6564
6611
7318
7772
7366
7620
6892
6418
6242
6085
5868
5749
5743
6104
5830
5856
5851
5808
6210
N
List (23 elements)
6384
6475
6674
6224
6090
6635
7400
7406
7364
6836
5996
6717
6199
6024
6119
6254
6559
5647
6211
4262
4207
4233
N
List (23 elements)
5752
5992
5905
5706
5461
6161
6821
6661
7294
7167
6845
5987
6777
6782
6046
5502
6533
6232
5494
2910
3281
2819
N
List (23 elements)
6392
6036
6530
6339
5863
6497
7409
7673
7731
7815
7215
7234
7013
6851
6725
6725
7106
6589
6121
3994
3866
3305
N
List (23 elements)
7114
6768
7021
7247
6842
6471
7530
8098
8267
7923
7841
7751
7756
7746
7564
7424
7599
7512
6965
7464
7117
7773
N
List (23 elements)
3761
4165
4158
4840
5073
5662
4429
3936
3134
2691
2642
2458
2380
2420
2369
2373
2624
2480
2406
3078
3750
4732
N
List (23 elements)
6363
5755
5810
6035
6143
6713
6971
6193
6560
5799
5353
5027
4988
5019
4746
4606
5371
4893
4745
3791
3556
4050
N
List (23 elements)
6123
6363
6428
6052
5474
6174
6957
6884
7326
7077
6910
6892
6660
6537
6405
6376
6835
6383
6158
5162
5232
4466
N
List (23 elements)
5848
5569
5659
5714
5301
5826
6625
7013
7253
6799
6487
6708
6302
6126
6059
5813
6548
5840
5437
4950
4807
4262
N
List (23 elements)
7039
6848
6829
6980
6577
6655
7185
7456
7232
7405
7310
7185
6787
6998
6793
6895
7041
7062
6980
5585
5193
4929
N
List (23 elements)
8161
7827
8044
7168
7377
7716
7865
8271
8308
8227
8453
8363
8256
8393
8452
8097
8002
8147
8000
8096
8218
8779
N
List (23 elements)
7254
7127
6991
7230
7016
7500
7717
7727
7974
7357
7289
7371
7323
7259
6938
7127
7126
6950
6882
4236
3714
4007
N
List (23 elements)
6324
5964
6015
5829
5671
6469
7159
7281
7489
7203
7130
6644
6485
6037
6117
5607
6354
5990
5696
3082
3310
3095
N
List (23 elements)
7219
7084
7111
7572
7526
7408
8069
7481
7891
7520
7389
7543
7250
7046
7152
6957
7539
7759
6877
7935
7596
7434
N
List (23 elements)
6141
6510
6019
6361
6582
6548
6168
5142
4957
3998
3783
4015
3710
3420
3263
3693
3789
3935
4103
4538
4343
5358
N
List (23 elements)
6281
6451
6415
6436
6659
7083
7306
6820
6832
6099
5438
5258
5108
5129
4869
5063
5506
4858
5080
4039
3844
4206
N
List (23 elements)
6332
5811
6324
5819
5910
6713
6777
6224
6740
6170
5937
5907
5822
5644
5769
5789
6128
5735
5734
3484
3570
3447
N
List (23 elements)
5900
5715
5889
5801
5662
6446
7469
7821
8278
7427
7674
7473
7281
6979
6691
6706
6692
6355
6244
4522
4165
3914
N
List (23 elements)
6386
6068
6163
5978
5920
6611
7653
7887
8411
8220
8002
7517
7196
6944
7090
6661
6889
6815
6399
3820
3826
3433
N
List (23 elements)
6560
6658
6767
6977
6863
7395
7630
7780
8321
7779
7543
7442
7457
7577
7100
6997
7324
7068
6884
5788
5246
5368
N
List (23 elements)
7811
8031
7919
8239
7898
7730
8048
8254
8424
8550
8422
8158
8377
8321
8104
8024
8356
8153
7719
6640
6495
5740
N
List (23 elements)
5584
5806
5770
5782
5663
5919
5673
4794
4033
3987
3867
3912
2455
2456
3009
3633
3853
3173
3938
3994
4359
5085
N
List (23 elements)
6076
6404
6104
6342
6559
6850
6833
5661
5711
4832
4630
4487
4131
4015
3946
3921
4429
4385
4136
4451
4442
4759
N
List (23 elements)
5491
5218
5426
4609
4941
6546
6615
6076
6219
6057
5959
5772
5787
5525
5697
5496
6060
5488
5549
3427
3590
3288
N
List (23 elements)
6690
6253
6232
6154
6368
7282
7412
7181
7297
6823
6785
6412
6421
6181
6257
6269
6298
6161
6138
4160
3893
4009
N
List (23 elements)
7387
7481
7286
7212
7319
7757
7921
8158
8038
7758
7734
7664
7210
7420
7148
7371
7069
6995
7201
4511
4147
4260
N
List (23 elements)
7991
8286
8046
8492
8283
7826
8204
8474
8631
8400
8504
8388
8444
8441
8278
8308
8541
8258
8219
7967
7813
7736
N
List (23 elements)
8048
8251
8028
8400
8287
8018
8261
8490
8600
8299
8381
8483
8376
8445
8125
8462
8448
8405
8238
7871
7633
7668
N
List (23 elements)
5512
5490
5469
6567
6035
6435
4444
4105
3830
3598
2751
2698
2799
2567
2851
2502
2361
2336
2720
2387
2919
3685
N
List (23 elements)
6037
6331
5982
6257
6502
6664
6471
5009
4940
4310
3972
3817
3737
3541
3409
3508
3866
3691
3626
4180
4337
5443
N
List (23 elements)
5986
6158
5851
5910
5967
6483
6584
5683
5732
4715
4650
4508
4060
4150
4201
4164
4479
4400
4184
4143
4250
4996
N
List (23 elements)
6179
6352
6233
6240
6480
7029
7230
6909
7062
6095
6156
5500
5329
5378
5403
5198
5676
5343
5150
4148
4076
4331
N
List (23 elements)
6266
6113
6285
6357
6531
6971
7287
6973
6823
6501
5943
5668
5686
5707
5376
5605
5145
5682
5400
3761
3871
4230
N
List (23 elements)
6856
6885
6903
7028
7135
7201
7720
7920
7929
7620
7284
6937
7113
6906
6677
6655
7145
7199
6659
4503
4416
4482
N
List (23 elements)
3092
5924
1322
2087
5629
5808
6037
7078
6204
5552
5458
5814
5233
5664
5501
5366
6713
6076
6008
5906
2215
6834
N
List (23 elements)
6562
6583
6543
6322
6488
6811
7071
6510
6160
5585
5235
5513
5025
4677
4831
5026
5045
4812
5231
4616
4128
4719
N
List (23 elements)
6271
5838
5995
5862
5984
6853
7139
7011
6894
6419
6498
6247
6225
6091
6166
6028
6140
6297
5967
3448
3512
3462
N
List (23 elements)
7038
6832
6582
6675
6566
7071
7535
7668
7617
7079
6553
7000
6644
6102
6143
6962
6517
6493
6665
4823
4511
4593
N
List (23 elements)
7011
7126
7056
7133
6894
7425
7639
7953
7717
7486
7305
7456
7017
6893
6650
7131
7163
6869
7153
4087
4814
4190
N
List (23 elements)
6263
6562
6037
6112
6184
6095
4593
4267
4158
3694
3673
3337
3321
3266
3203
3118
3661
3252
3232
4685
4908
5733
N
List (23 elements)
6008
6285
6040
6106
6196
6549
6494
5347
5176
4580
4484
4290
4166
3729
3887
4079
4166
3807
4123
4009
4273
4920
N
List (23 elements)
5746
5929
5857
5877
6096
6510
6532
5543
5550
4401
4464
4467
4426
4032
3805
3856
4342
4214
3936
3307
3504
4145
N
List (23 elements)
7292
6953
6901
7072
6979
7163
7376
7412
7556
7579
7390
7165
6773
7112
6958
7156
7429
6937
6854
3914
3692
3754
N
List (23 elements)
7639
7645
7461
7609
7343
7470
7785
7845
8194
7659
7725
7606
7590
7452
7277
7521
7527
7548
7551
7883
7667
7882
N
List (23 elements)
6062
6550
6104
6098
6037
6004
5262
4210
3754
3864
2892
3731
3544
2982
2750
3499
3915
3247
3622
4379
4509
5736
N
List (23 elements)
5971
5990
5896
5989
6218
6649
5033
5559
4801
3887
3826
4873
3953
3327
3805
4384
3626
3766
4451
4050
4329
4803
N
List (23 elements)
7309
7526
6936
7885
7586
7480
7111
7281
8394
7938
8211
8039
8068
7569
7499
7593
7560
7984
7689
6884
7093
7542
N
List (23 elements)
4078
5964
5986
3316
2737
5680
6520
6788
6939
7169
6790
6722
6909
6959
7449
6716
7560
7297
6962
7092
4403
7024
N
List (23 elements)
784
3234
511
308
478
738
1739
4455
5189
6080
6622
6727
6221
6173
6085
6096
5973
5984
6272
6124
871
2529
N
List (23 elements)
4305
4500
4233
4870
5502
5938
4246
4106
3617
3052
2893
2838
2678
2939
2713
2659
2963
2829
2702
3669
4019
5159
N
List (23 elements)
5879
6255
6027
6138
6264
6348
4749
4525
4065
3506
3371
3213
2951
2910
3037
2992
3312
2882
3064
3975
4164
5077
N
List (23 elements)
6362
6471
6267
6175
6444
6989
6808
6346
6357
5341
4986
5052
4836
4803
4689
4541
5369
4670
4785
4243
4039
4562
N
List (23 elements)
6048
6673
6316
6273
6220
6098
5723
3920
3588
3061
2888
2784
2636
2618
2650
2623
3075
2655
2764
4362
4515
5539
N
List (23 elements)
6237
6387
6365
6400
6550
7245
7587
6746
6244
5436
4679
4879
4633
4292
4605
4325
4730
4468
4506
4778
4516
5146
N
List (23 elements)
6801
7125
7010
7026
6989
7660
7835
7843
7245
6795
6374
6491
6128
6275
6365
6230
6406
6361
6517
5266
4642
5049
N
List (23 elements)
7132
7472
7535
7409
7237
7530
7997
8020
8125
7397
7655
7523
7368
7262
7002
7212
7422
7402
7279
7624
7625
7768
N
List (23 elements)
7491
7787
7773
7476
7462
7626
7956
8118
8022
7642
7557
7712
7790
7554
7506
7607
7830
7837
7665
7548
7532
7685
N
List (23 elements)
5982
6709
6558
6265
6171
6002
5693
4502
3852
3638
3295
3287
3087
3009
2935
3095
3273
3022
3280
3912
4404
4982
N
List (23 elements)
5491
4962
5243
4984
5073
5852
6705
5494
5493
4941
4163
4082
4077
3823
3792
3752
4280
3864
3781
3833
4219
4103
N
List (23 elements)
6506
6684
6360
6611
6555
6796
6390
4705
4357
3535
3317
3274
3234
3084
3028
2993
3439
3015
3069
4060
4099
5245
N
List (23 elements)
6467
6515
6377
6367
6710
6978
6710
5497
5094
4265
4125
3970
3827
3844
3725
3639
3860
3811
3672
4541
4399
5191
N
List (23 elements)
2359
6060
6444
2714
5266
5548
6109
5790
6131
6744
6670
6245
6382
5996
6477
5983
7656
5803
5829
5374
7848
5701
N
List (23 elements)
6278
6788
6664
6244
6396
6209
6210
4364
3684
3266
2939
2736
2856
2717
2753
2670
3064
2849
2612
4152
4265
5187
N
List (23 elements)
6029
5891
5989
5944
6088
6107
6083
3820
3221
2542
2557
2346
2253
2247
2244
2101
2435
2290
2347
3906
3850
5546
N
List (23 elements)
5066
5074
5233
5462
5082
5665
6178
5622
5966
5333
4726
4412
4336
4775
4214
4488
4555
4854
4675
3941
4794
4896
N
List (23 elements)
3862
7815
8111
8650
8160
8018
6920
8028
8023
7386
7740
8127
7732
7628
7238
7869
7527
7931
7987
7772
8840
7944
N
List (23 elements)
6715
7697
4731
7601
7273
7806
6939
5897
4401
4599
4362
3669
3585
2875
3980
3388
3364
3643
3236
3598
3933
4601
N
List (23 elements)
2391
2657
2857
2860
3385
5291
3444
2858
2223
1982
2006
1887
1912
2007
2000
1935
2045
1840
1800
3138
3940
5578
N
List (23 elements)
8386
8357
8151
7963
8234
7138
7825
8359
8172
8126
8347
8335
8233
8287
8440
8366
8091
8405
7550
8260
8678
7477
N
List (23 elements)
8358
8037
7260
8153
8519
8098
8271
8474
8183
8415
8357
8154
8118
8447
8267
8002
8337
8327
8056
8309
8262
8770
N
List (23 elements)
8184
8467
7411
8033
8096
7766
7943
8121
8079
8192
8257
8267
8314
7554
8112
8234
8308
8367
8208
8313
8234
8759
N
List (23 elements)
2371
2623
2821
3259
3729
5130
3578
2731
2118
1911
1848
1794
1756
1845
1881
1860
1907
1722
1718
2810
3632
5122
N
List (23 elements)
4098
6524
3434
1611
2621
4903
5759
6557
6448
6491
6687
7302
7348
6798
6632
6595
6997
6711
6567
6678
2091
4184
N
List (23 elements)
5751
7500
2250
2714
6953
6343
6976
7322
6735
6172
6385
6583
6799
5434
5751
5064
6601
6112
6119
6110
5349
6804
N
List (23 elements)
6169
6479
6356
6158
5977
5907
6679
6410
6623
6060
5831
5746
5686
5958
4563
4462
4120
3925
4494
4816
4889
5059
N
List (23 elements)
7684
7339
7431
7462
7170
6939
6997
7329
7647
7463
7596
7578
7476
3552
3861
3717
5140
4616
4281
4962
5134
2962
N
List (23 elements)
6643
6102
6123
6664
5893
5964
6969
6906
6931
6175
6040
5691
5864
5290
1729
1736
2670
2289
2354
2895
2587
2832
N
List (23 elements)
7238
7018
1997
3189
7107
6979
7172
7239
7153
6641
6740
6785
6896
7514
4190
3459
5039
4431
4372
4984
4903
4401
N
List (23 elements)
6049
5971
5992
5912
5734
5676
6397
6124
6198
5353
4986
5050
5037
4965
3066
4439
3200
3907
3728
3846
4066
4461
N
List (23 elements)
6808
6569
6303
6442
5845
5881
6433
6975
6720
6314
5972
5770
5603
1660
3847
3834
4303
4268
3873
3997
4393
4706
N
List (23 elements)
7826
7418
7556
7142
7557
7145
7465
7919
7948
7820
7952
7760
7918
3508
6447
4604
5797
5274
5004
5282
7807
5702
N
List (23 elements)
7095
6652
6948
6822
6404
6533
7030
7374
7475
6987
6734
6646
6543
6326
6557
6120
6821
6756
6349
6539
6976
7102
N
List (23 elements)
6541
6138
2615
6599
5718
5627
6429
7149
7292
6683
6664
6715
6829
6128
5360
4712
5340
4969
4442
4923
5955
5029
N
List (23 elements)
5759
5536
5412
5710
5631
5839
6616
6076
5907
5237
4795
4910
4760
4513
4649
4487
4920
4785
5273
4772
5202
5649
N
List (23 elements)
2935
5346
479
346
1569
3207
5321
5479
5395
4891
4678
5818
4875
4351
4608
4434
4969
4901
5371
5081
2008
2630
N
List (23 elements)
6555
5983
6279
6192
5834
5892
6249
6746
6987
6568
6445
6415
6276
4548
1993
1847
2665
2490
2186
2808
2909
2678
N
List (23 elements)
5446
7500
2836
2488
5616
4979
6328
6241
5937
5689
5716
5840
5689
5666
3770
3846
4428
4273
3808
5226
5088
5148
N
List (23 elements)
6564
6617
6423
5610
6476
5838
6311
6641
6830
6373
6578
6246
4648
5789
4740
4960
5217
5071
4934
5296
6967
5431
N
List (23 elements)
4078
4064
4089
4303
4221
4521
5186
3833
3873
3644
3652
3121
3138
3056
3718
3034
3974
3645
3478
3546
4458
5033
N
List (23 elements)
7260
6880
7471
4350
5654
7636
7805
7906
7667
7315
7490
8015
7780
7832
7803
7853
8060
8032
8417
8229
8255
8678
N
List (23 elements)
7264
6619
2836
5476
6329
5617
6423
6103
6377
5908
5859
6461
6404
7744
4641
4339
5377
5361
4944
5553
6691
5842
N
List (23 elements)
6937
6853
6838
6769
6554
6426
6684
7133
6767
6679
6427
6676
6396
-2
2164
2267
2737
2940
2922
3437
3008
2879
N
List (23 elements)
7511
7699
7417
7370
7640
7330
7238
7605
7519
7518
7499
7496
7447
34
2420
2133
3149
2942
2870
3591
3371
3360
N
List (23 elements)
6399
6010
6079
6622
5513
5621
5884
6185
5690
6559
5153
5134
5402
1983
2123
2281
2478
2567
2439
2581
3070
3017
N
List (23 elements)
4884
7960
6402
3635
7148
7308
5945
6253
6142
5768
5892
5726
6059
5852
5227
5638
6438
6266
6421
6216
7050
7342
N
List (23 elements)
6665
6520
6897
6618
6272
6386
6321
6813
6484
6761
6388
6209
6100
4550
3425
3639
3416
3534
3544
5252
3836
3455
N
List (23 elements)
7520
7524
7232
7365
7314
7565
8121
8398
8256
8106
8139
7797
7475
7596
7347
7537
8261
7266
7199
6912
7238
7725
N
List (23 elements)
2659
3903
2319
1323
1218
3013
4386
4524
4627
4288
4376
4612
4388
3428
3640
3507
3828
4466
4064
4760
2248
5145
N
List (23 elements)
5137
6217
7351
6576
7343
5870
6613
5595
6041
5722
5911
5727
5736
5908
5367
5507
6268
5948
6464
6742
5684
7403
N
List (23 elements)
6356
6931
6591
6658
6764
7431
7102
5283
3978
3919
3712
3642
3406
3348
3133
3379
3544
3161
3752
3939
3865
4945
N
List (23 elements)
7925
8150
7725
8098
7621
7157
7572
7967
7978
7858
7750
7845
7761
4934
4991
4433
5275
5650
5281
4581
5677
5576
N
List (23 elements)
5518
6460
1082
1655
5961
6216
5985
6188
5176
5094
5455
5513
5174
3580
3586
3623
4455
4119
4314
4688
4520
4366
N
List (23 elements)
4922
5625
5528
5664
6143
6394
5903
4453
4453
3767
3853
4056
3921
3834
3833
3525
3882
4539
4075
3798
5081
4704
N
List (23 elements)
6810
6317
6387
6488
5625
5674
5892
6403
6548
6123
6098
6213
5836
1812
2764
2869
3681
3401
3423
3834
3305
3893
N
List (23 elements)
8134
8648
8167
8309
8335
7938
8013
8675
8271
8482
8502
8581
8293
8040
7860
8313
8191
8531
8371
7978
8782
8694
N
List (23 elements)
1954
4945
2459
1311
769
5034
4568
4761
4828
5048
5157
5007
5096
2058
2401
2247
3011
2571
2763
3383
668
2963
N
List (23 elements)
8168
8429
8095
7742
7851
7644
7738
8233
8315
8306
8335
8327
8355
6235
5967
6051
6545
6242
5741
5595
5964
6538
N
List (23 elements)
7154
6404
5547
6749
7105
6808
6690
6831
7056
6454
6439
6256
5747
2987
2918
2967
3778
3619
3429
4073
4073
3487
N
List (23 elements)
3672
3805
3836
3326
3141
3807
3396
5243
4186
5243
7421
7774
7166
5689
7256
4617
5346
2624
2890
2437
3065
3337
N
List (23 elements)
7663
7696
7539
7939
7326
6849
7371
7876
7780
7490
7524
7701
7850
7493
7506
7438
8085
7794
7431
7442
7875
8304
N
List (23 elements)
8207
8294
8161
8071
7954
7691
7739
8128
8036
7998
8065
8192
8211
4175
5442
5508
6268
5884
5772
5877
6480
6708
N
List (23 elements)
6751
5881
6063
5683
6068
6311
6056
6386
6571
6415
5980
6501
5909
3191
2634
2890
3245
2794
3004
2859
4237
2945
N
List (23 elements)
5811
6145
6535
7036
7215
7401
7634
6552
5518
4287
3951
3707
3900
3835
3830
3788
3914
4186
4200
4139
4247
4958
N
List (23 elements)
3223
3807
3762
4288
4735
5301
4208
6204
6139
4779
5465
6004
6285
8372
4655
5185
3874
3035
2619
1329
2542
2506
N
List (23 elements)
8456
8582
8201
8118
8391
8231
8104
8436
8454
8449
8453
8419
8831
6473
6345
6313
6805
6405
6494
6746
7935
6974
N
List (23 elements)
8164
7840
7718
7723
7111
7018
7352
7629
7641
7523
7521
7649
7853
4559
3729
3925
4638
4682
4539
5031
5397
4959
N
List (23 elements)
7750
7332
7419
7285
7557
7359
7210
7543
7390
7525
7537
7331
7720
4607
5593
4454
5343
4319
4227
4789
4022
5042
N
List (23 elements)
8133
7855
7806
7873
7704
7526
7563
7695
7755
7895
7891
7827
7953
5036
4827
4957
5364
4956
4861
5255
5544
4993
N
List (23 elements)
7896
7713
7776
7936
7604
7510
7963
8031
7979
7880
6736
6537
6064
4812
4730
5081
5108
4753
4931
4921
5591
5949
N
List (23 elements)
7473
7527
7419
7278
7709
7317
7413
7605
7870
7875
7844
7767
4427
5320
5418
4758
5171
3987
4081
4301
5039
5214
N
List (23 elements)
1481
1397
2121
787
1560
703
5165
5341
5313
5218
5052
5664
5421
4915
5045
5288
5162
4884
5373
5836
1460
703
N
List (23 elements)
7722
7391
6635
7458
6912
6932
7438
7579
7554
7426
7336
7397
5700
5088
4780
4754
4933
5014
4857
4778
5116
5153
N
List (23 elements)
6953
6878
6890
7240
6715
7001
7653
7181
6603
6067
5513
5832
4889
5633
5023
4683
5501
6061
5513
5685
5827
5910
N
List (23 elements)
7028
6812
6941
7093
6398
6568
7757
7602
8086
6961
6749
6727
5147
5203
4464
4365
5126
4561
4294
4480
5163
4845
N
List (23 elements)
8167
8197
7874
7812
7743
7571
7679
7933
7976
7833
7810
7651
6242
5940
5710
5703
6253
6277
6113
6317
6924
7094
N
List (23 elements)
7760
7503
7722
7659
7157
7315
7615
7825
7411
7548
7384
7375
4183
4196
3545
3814
4617
3613
3824
4248
4494
4814
N
List (23 elements)
3559
3573
3950
4712
5343
5918
3890
3690
2908
2723
2413
2383
2472
2099
2409
2367
2636
2387
2369
3240
3869
5868
N
List (23 elements)
7693
7634
7249
7614
7390
7425
7554
7902
7677
7670
7555
7610
4318
4567
4334
3813
4697
4379
4233
4421
4761
5036
N
List (23 elements)
6518
7209
1961
3856
5804
6432
6514
6601
6487
6777
6740
6888
2171
2023
2034
1978
2736
2482
2436
3128
2846
2683
N
List (23 elements)
7396
7027
6850
7297
6835
6805
7036
7122
7478
6998
6820
6355
2492
2420
2230
2402
2601
2658
2442
2914
2985
3251
N
List (23 elements)
7046
6989
6422
6186
6660
6440
6710
6931
7504
7490
7423
7227
2527
2193
3154
2231
3960
3778
2459
3449
3592
2610
N
List (23 elements)
5547
5174
5150
5562
4969
4639
4736
4843
5300
5243
4816
4605
5188
4381
3621
3708
3776
3702
4183
4339
3440
4338
N
List (23 elements)
5573
5594
5607
6373
5702
6140
7032
6358
6266
5489
5309
4978
4704
4579
4201
3886
4221
4055
4056
4796
4797
5330
N
List (23 elements)
7067
6745
6947
6827
6008
6037
6583
6617
7044
6626
6482
6480
2429
2584
2572
2323
2970
2755
2498
3178
3660
2756
N
List (23 elements)
6487
6189
6126
6354
5687
5468
5649
6063
6227
5992
5545
5527
6149
1557
1505
1520
1980
1809
1901
2177
2333
2339
N
List (23 elements)
6562
6807
6372
6367
6652
6819
7344
6592
6612
6485
6421
6145
4198
4889
4242
3979
4464
4275
4052
4792
4472
4039
N
List (23 elements)
7817
8084
7849
7510
7626
7565
7531
8060
8074
8108
7948
7824
3706
3693
4140
2992
4150
3697
3905
4674
5100
4670
N
List (23 elements)
7554
7712
7340
7148
6993
7104
7269
7745
7865
7942
7407
7306
6968
2071
2142
2071
2869
2748
3188
3170
2925
3182
N
List (23 elements)
6067
5664
5815
5812
5420
5158
5000
5631
5829
5561
4814
5055
5590
2984
2666
3847
3862
3993
3954
4039
4884
4449
N
List (23 elements)
6312
6387
6559
6162
6387
6895
7140
6246
5597
5273
5018
4786
4577
4464
4246
4664
4853
4827
4595
5662
5346
5941
N
List (23 elements)
6218
6097
5855
6124
5451
5738
6441
6038
6615
6013
5956
5629
5770
2102
2022
2092
2382
2414
2219
2436
2368
2306
N
List (23 elements)
6811
6788
6612
6652
6465
7158
7684
8027
7705
7735
7613
7568
4521
3620
3239
3022
3734
4187
3406
3362
3853
3668
N
List (23 elements)
6754
6781
6623
6683
6547
6777
7189
6845
6759
6423
6174
6323
3027
2898
3106
2889
3321
3229
3107
3275
3610
3256
N
List (23 elements)
6394
5789
6051
5990
5358
5621
6950
8092
8289
8070
7882
8038
8030
8142
7763
7767
7688
7577
6495
5387
6156
5843
N
List (23 elements)
6383
6176
6290
6185
6289
6707
7400
7278
6625
6392
6175
5875
5021
4363
3702
4053
4199
3801
3705
3910
3996
4395
N
List (23 elements)
6689
6785
6586
6402
6600
6897
7424
7133
7056
6727
6642
6364
4059
4780
4000
4103
4873
4520
3797
4039
4356
4822
N
List (23 elements)
7325
6996
6934
7058
6142
6344
6711
7158
6855
7045
6947
6783
7481
3994
3409
3217
3928
4088
3207
3342
4239
3522
N
List (23 elements)
7624
7656
7316
7420
7049
6992
7297
7897
7886
7610
7649
7605
3258
3704
3317
3434
3592
3838
3535
4108
3897
3778
N
List (23 elements)
3247
3342
3403
4095
4470
5199
5275
3657
3252
2965
2744
2728
2615
2579
2494
2518
2856
2665
2533
2674
3376
4238
N
List (23 elements)
2821
3535
3263
4686
5106
4676
2804
2175
1885
2168
2783
3040
3277
2915
3019
2612
2470
2047
2032
2402
2947
4200
N
List (23 elements)
7192
7089
6648
6680
6573
6723
7218
7244
7574
6936
7133
7184
6763
6831
6322
6444
6857
6919
6682
6803
7599
6645
N
List (23 elements)
7265
7328
7064
7314
7252
7091
7385
7425
7540
7484
7330
6897
7279
2352
2912
2217
3491
2746
2921
3535
3305
3598
N
List (23 elements)
6691
6674
6497
6225
6588
6792
6915
7265
7362
7250
7126
6842
6725
6588
6399
5979
6592
5856
6181
6230
6746
6711
N
List (23 elements)
6364
6568
6259
6343
6702
7153
7483
6963
6740
6313
6212
5982
6267
6021
5733
5756
6090
6079
5878
6084
6601
6555
N
List (23 elements)
6969
6707
6764
6677
6488
6361
6771
7399
7110
6658
6480
6571
6786
2302
1798
2305
2816
2397
2616
3108
3000
3165
N
List (23 elements)
6380
6313
6262
6290
6555
6970
7318
7154
6558
6239
6072
5396
5546
5653
5347
5689
5968
5396
5495
5664
6225
6446
N
List (23 elements)
7705
7587
7206
7134
6821
6896
7498
7960
8325
8124
8097
8060
745
2888
2759
2649
3028
2751
2849
3436
3061
3107
N
List (23 elements)
7049
6815
6956
6246
6930
6799
7409
7688
7926
7586
7518
7421
7290
5830
5447
4510
5304
4711
4802
4461
4920
3760
N
List (23 elements)
7018
7398
7445
6520
7323
7466
7445
7981
8092
8013
7648
7540
7558
5597
5039
4177
5167
4208
4268
4533
4383
4630
N
List (23 elements)
7017
7088
7063
6830
7467
7619
7927
8018
7935
7703
7521
7158
6880
3682
3814
3384
4398
3479
4007
3994
4305
4037
N
List (23 elements)
5992
6043
5692
5964
5810
6243
6868
6054
5805
5479
5351
5225
5280
5348
4868
4890
5161
5629
5119
4972
5873
5950
N
List (23 elements)
6568
6492
6187
6599
5950
6015
6469
7005
7084
6825
5694
5930
3243
2627
2463
2020
2957
2635
2219
2423
3264
2858
N
List (23 elements)
5316
5774
5861
6119
6145
6529
6205
4649
3433
2800
2608
2438
2341
2390
2356
2305
2312
2067
1989
1892
2370
3208
N
List (23 elements)
704
5376
185
365
1270
692
5378
6465
5587
5541
5721
5923
5930
6088
5521
5811
5348
5654
5623
5781
1179
1529
N
List (23 elements)
7009
6965
6809
6551
6951
7198
7484
7389
7742
7658
7457
6844
6805
3695
3888
2904
4223
3018
3197
3242
3820
3660
N
List (23 elements)
6003
5687
5541
6610
5715
5889
6061
6352
6196
5741
3723
2782
2380
2705
2808
2114
3514
2917
2162
3672
3202
2802
N
List (23 elements)
5663
5215
5200
6065
4901
4916
5020
5290
5542
5035
4757
4766
4422
4368
4419
4450
5071
5219
5130
5422
5962
5647
N
List (23 elements)
6203
6541
6261
6166
5923
6265
7425
7086
7401
6264
6603
6683
6522
1805
2226
1740
2118
2018
2009
2395
2553
2682
N
List (23 elements)
4205
4251
3957
4191
4883
5769
6616
6714
7175
4996
6153
6142
5958
4591
4742
3962
3956
3432
3434
2563
3118
1880
N
List (23 elements)
6583
6375
6528
4639
6192
5935
6800
7467
7343
7227
7108
7309
6602
7162
6342
6464
6551
6552
6439
6296
6587
7284
N
List (23 elements)
6696
6420
6344
6780
6273
6581
7064
6481
6134
6091
5621
6029
3344
4254
3930
3958
3969
3741
3997
3982
4367
4673
N
List (23 elements)
5601
5831
5666
5722
5635
5950
6725
5898
5134
5108
4789
5089
2947
2693
2835
2252
3157
2896
3116
3049
3648
3482
N
List (23 elements)
7290
6854
6769
6769
6807
7308
7662
7774
7626
7289
7216
7324
7062
7152
7152
6811
6895
7117
6829
6350
6824
7415
N
List (23 elements)
6122
6395
6217
6240
6555
6795
7523
7158
7196
6810
6619
6219
6107
2658
4206
2580
3273
3128
2971
3054
3937
3507
N
List (23 elements)
5291
5233
5308
5580
5224
5432
5719
5261
4956
4658
4160
4084
4447
1824
2771
1961
2631
2065
2497
2543
2918
3303
N
List (23 elements)
4808
5044
5080
5180
5341
5764
5366
5692
5414
4785
3100
3418
3436
3103
3223
2980
3251
3626
3333
3894
4316
3918
N
List (23 elements)
5326
5500
5278
5565
5656
6226
6202
6117
5618
5725
3253
2941
2843
2716
3061
2920
3372
3074
2871
2931
3222
3317
N
List (23 elements)
3210
3011
4235
4216
6939
6183
6054
5445
4840
4447
5256
6041
4959
5033
4945
4298
5394
5905
4473
3762
4509
4165
N
List (23 elements)
1804
4372
67
518
320
210
4739
5550
5073
5045
5626
5174
5376
4812
4599
4864
4191
4719
4188
4470
1464
4708
N
List (23 elements)
5625
5775
5853
6624
6299
7009
7367
7577
7534
7026
6468
6400
6026
6828
6352
6238
6261
5674
5992
6145
6948
5867
N
List (23 elements)
7725
8004
7788
7627
7741
7768
7837
8303
8088
7998
7973
8002
5338
4929
4745
4483
5163
4902
4806
5677
5308
5995
N
List (23 elements)
7292
7450
7278
6979
7472
7571
7387
7512
7797
7502
7500
7429
5171
4362
4147
4256
4260
4334
4245
4630
4315
4134
N
List (23 elements)
5684
5699
5761
5853
5769
6078
6946
6483
5926
5351
5166
4743
4229
4064
3615
3630
4502
4410
4120
4642
4789
4942
N
List (23 elements)
5303
5341
5232
5444
5173
5431
5395
5386
5012
4697
2523
2288
2018
2518
2373
2279
2833
2479
2538
2815
3324
3468
N
List (23 elements)
6289
6098
6272
6166
5598
6032
6560
6508
6665
6103
5862
5862
1342
2288
2058
2029
2746
2676
2363
2555
3146
2554
N
List (23 elements)
6824
6733
6665
6652
6311
6602
7043
7167
7366
6790
6836
6637
2329
2357
2113
2085
2913
2828
2565
2946
3200
2469
N
List (23 elements)
7417
7659
7282
6962
7177
7168
7050
7372
7953
7231
7261
7118
2822
2437
2803
2746
3499
3027
3246
3231
3853
2357
N
List (23 elements)
7451
7419
7315
6959
7220
7174
7180
7709
7968
7498
7722
7496
3046
2986
3244
2684
3953
3285
3717
3303
4030
3373
N
List (23 elements)
6688
6659
6618
6208
6804
6595
7503
7697
7719
7243
7748
7575
7072
7478
6959
6743
7271
6978
5774
6388
6999
7305
N
List (23 elements)
5969
5992
5766
5938
5788
6059
6636
6220
6299
5759
5437
5449
2523
2307
2589
2281
3051
2875
2712
3139
3418
3548
N
List (23 elements)
6511
6343
5690
6520
6095
6302
6907
6274
6693
5919
5475
5165
2714
2999
2768
2679
3243
2968
3300
3108
4017
2691
N
List (23 elements)
6939
6745
7045
6507
6942
6975
7183
7291
7484
7071
6892
6683
2375
2444
2358
2092
2971
2581
2668
3852
3657
3140
N
List (23 elements)
5767
5843
5781
5825
6094
6539
7030
6879
6531
6260
5798
5839
2805
3381
3910
2623
3198
2977
3612
3309
3589
3428
N
List (23 elements)
6851
6600
6423
6666
6607
6669
6832
6872
6974
6529
6307
6060
6375
3260
3621
3782
3505
4783
3300
3296
4898
3773
N
List (23 elements)
5950
5975
5766
6064
6166
6957
7488
6517
5926
4907
4714
4848
4797
4623
4504
4394
4578
4671
4253
4446
4914
5041
N
List (23 elements)
6147
6157
5933
5961
6044
6370
6830
6763
6776
6192
6208
6145
2770
2176
1973
2282
2451
2400
2265
2547
3036
3152
N
List (23 elements)
7161
7549
7006
7061
7257
7293
7553
7679
7824
7410
7385
7516
2926
4185
3705
3548
4047
4047
3914
4438
4514
4149
N
List (23 elements)
6586
6445
6338
6937
5903
6059
6676
7067
7691
6550
6508
6283
3161
2189
2086
2340
2627
2520
2325
2830
3273
2749
N
